4 0.431419 0.162664 0.116427 0.224891
1 0.669059 0.430131 0.253589 0.445415
18 0.892344 0.418122 0.119617 0.207424
2 0.4689 0.827511 0.175439 0.30131
23 0.316587 0.573144 0.295056 0.517467
11 0.865231 0.540393 0.199362 0.325328
12 0.106061 0.388646 0.135566 0.244541
1 0.751994 0.351528 0.199362 0.336245
17 0.248804 0.799127 0.188198 0.327511
1 0.0701754 0.661572 0.127592 0.227074
9 0.0885167 0.78821 0.167464 0.296943
4 0.205742 0.320961 0.124402 0.231441
5 0.133971 0.542576 0.130782 0.264192
11 0.763955 0.528384 0.191388 0.310044
14 0.579745 0.137555 0.135566 0.240175
1 0.861244 0.319869 0.165869 0.29476
1 0.131579 0.919214 0.132376 0.161572
10 0.318979 0.287118 0.130782 0.246725
14 0.369218 0.2369 0.132376 0.259825
4 0.121212 0.303493 0.127592 0.231441
17 0.966507 0.460699 0.0669856 0.222707
7 0.625997 0.18559 0.205742 0.371179
19 0.554226 0.855895 0.100478 0.174672
13 0.192982 0.562227 0.130782 0.268559
1 0.594896 0.342795 0.204147 0.358079
12 0.448166 0.266376 0.15949 0.305677
10 0.276715 0.257642 0.23445 0.432314
11 0.569378 0.518559 0.207337 0.360262
24 0.192982 0.591703 0.258373 0.441048
24 0.373206 0.465066 0.191388 0.358079
3 0.977671 0.645196 0.0446571 0.163755
4 0.385167 0.216157 0.22488 0.419214
14 0.164274 0.271834 0.245614 0.447598
24 0.41866 0.706332 0.23764 0.39083
8 0.960925 0.786026 0.0781499 0.262009
23 0.975279 0.173581 0.0494418 0.181223
23 0.968102 0.299127 0.0637958 0.213974
8 0.968102 0.764192 0.0637958 0.340611
11 0.9689 0.482533 0.062201 0.344978
24 0.182616 0.590611 0.272727 0.5131
11 0.663477 0.419214 0.290271 0.50655
14 0.161085 0.278384 0.267943 0.482533
12 0.278309 0.480349 0.53429 0.89083
1 0.715311 0.414847 0.483254 0.80786
12 0.278309 0.480349 0.53429 0.89083
1 0.715311 0.414847 0.483254 0.80786
14 0.161085 0.278384 0.267943 0.482533
12 0.278309 0.480349 0.53429 0.89083
1 0.715311 0.414847 0.483254 0.80786
12 0.278309 0.480349 0.53429 0.89083
1 0.715311 0.414847 0.483254 0.80786
12 0.278309 0.480349 0.53429 0.89083
1 0.715311 0.414847 0.483254 0.80786
11 0.763955 0.528384 0.191388 0.310044
1 0.861244 0.319869 0.165869 0.29476
1 0.131579 0.919214 0.132376 0.161572
17 0.974482 0.454148 0.0510367 0.179039
7 0.625997 0.18559 0.205742 0.371179
19 0.554226 0.855895 0.100478 0.174672
5 0.139553 0.588428 0.192982 0.334061
11 0.569378 0.518559 0.207337 0.360262
4 0.385167 0.216157 0.22488 0.419214
14 0.164274 0.271834 0.245614 0.447598
24 0.41866 0.706332 0.23764 0.39083
8 0.960925 0.786026 0.0781499 0.262009
23 0.968102 0.299127 0.0637958 0.213974
23 0.978469 0.069869 0.0430622 0.139738
4 0.407496 0.199782 0.180223 0.334061
13 0.135566 0.922489 0.1563 0.155022
14 0.255981 0.811135 0.183413 0.325328
0 0.366029 0.531659 0.269537 0.4869
1 0.664274 0.418122 0.403509 0.661572
14 0.162679 0.292576 0.3126 0.576419
8 0.96571 0.805677 0.0685805 0.248908
23 0.974482 0.306769 0.0510367 0.255459
1 0.711324 0.426856 0.510367 0.853712
5 0.281499 0.471616 0.492823 0.855895
5 0.282297 0.444323 0.45933 0.849345
1 0.708134 0.415939 0.497608 0.823144
14 0.14992 0.264192 0.280702 0.497817
5 0.282297 0.444323 0.45933 0.849345
1 0.708134 0.415939 0.497608 0.823144
12 0.278309 0.480349 0.53429 0.89083
1 0.715311 0.414847 0.483254 0.80786
12 0.278309 0.480349 0.53429 0.89083
1 0.715311 0.414847 0.483254 0.80786
12 0.278309 0.480349 0.53429 0.89083
1 0.715311 0.414847 0.483254 0.80786
12 0.278309 0.480349 0.53429 0.89083
1 0.715311 0.414847 0.483254 0.80786
12 0.278309 0.480349 0.53429 0.89083
1 0.715311 0.414847 0.483254 0.80786
12 0.278309 0.480349 0.53429 0.89083
1 0.715311 0.414847 0.483254 0.80786
14 0.161085 0.278384 0.267943 0.482533
12 0.278309 0.480349 0.53429 0.89083
1 0.715311 0.414847 0.483254 0.80786
12 0.278309 0.480349 0.53429 0.89083
1 0.715311 0.414847 0.483254 0.80786
