25 0.447797 0.840812 0.186782 0.309829
25 0.752395 0.261752 0.165709 0.489316
23 0.143199 0.488248 0.144636 0.425214
3 0.238027 0.042735 0.177203 0.0854701
7 0.556035 0.195513 0.1159 0.331197
14 0.617816 0.260684 0.137931 0.423077
26 0.532088 0.490385 0.140805 0.425214
23 0.232759 0.503205 0.141762 0.416667
23 0.989943 0.831197 0.0201149 0.25641
23 0.35728 0.318376 0.249042 0.636752
23 0.0785441 0.490385 0.139847 0.416667
23 0.334291 0.271368 0.132184 0.397436
23 0.793582 0.564103 0.133142 0.397436
8 0.897988 0.660256 0.204023 0.615385
25 0.837165 0.263889 0.214559 0.527778
7 0.880268 0.800214 0.1341 0.399573
20 0.0876437 0.759615 0.175287 0.463675
3 0.768199 0.821581 0.132184 0.339744
8 0.803161 0.505342 0.246169 0.728632
23 0.0929119 0.299145 0.185824 0.589744
24 0.205939 0.575855 0.233716 0.655983
26 0.551724 0.387821 0.254789 0.732906
23 0.226533 0.236111 0.186782 0.472222
24 0.164751 0.498932 0.327586 0.972222
26 0.516762 0.479701 0.324713 0.942308
25 0.837644 0.505342 0.31705 0.946581
24 0.164751 0.498932 0.327586 0.972222
26 0.516762 0.479701 0.324713 0.942308
25 0.837644 0.505342 0.31705 0.946581
24 0.164751 0.498932 0.327586 0.972222
26 0.516762 0.479701 0.324713 0.942308
25 0.837644 0.505342 0.31705 0.946581
24 0.164751 0.498932 0.327586 0.972222
26 0.516762 0.479701 0.324713 0.942308
25 0.837644 0.505342 0.31705 0.946581
24 0.164751 0.498932 0.327586 0.972222
26 0.516762 0.479701 0.324713 0.942308
25 0.837644 0.505342 0.31705 0.946581
23 0.989943 0.831197 0.0201149 0.25641
23 0.0795019 0.264957 0.141762 0.42735
20 0.0876437 0.759615 0.175287 0.463675
8 0.803161 0.505342 0.246169 0.728632
26 0.551724 0.387821 0.254789 0.732906
23 0.226533 0.236111 0.186782 0.472222
8 0.824713 0.527778 0.304598 0.897436
26 0.527778 0.435897 0.304598 0.854701
24 0.179598 0.472222 0.332375 0.931624
24 0.163314 0.507479 0.315134 0.950855
25 0.840038 0.496795 0.319923 0.950855
26 0.518199 0.490385 0.321839 0.976496
25 0.835249 0.498932 0.316092 0.955128
24 0.16954 0.504274 0.323755 0.940171
26 0.521073 0.482906 0.318008 0.952991
25 0.835249 0.498932 0.316092 0.955128
24 0.16954 0.504274 0.323755 0.940171
26 0.521073 0.482906 0.318008 0.952991
24 0.164751 0.498932 0.327586 0.972222
26 0.516762 0.479701 0.324713 0.942308
25 0.837644 0.505342 0.31705 0.946581
24 0.164751 0.498932 0.327586 0.972222
26 0.516762 0.479701 0.324713 0.942308
25 0.837644 0.505342 0.31705 0.946581
24 0.164751 0.498932 0.327586 0.972222
26 0.516762 0.479701 0.324713 0.942308
25 0.837644 0.505342 0.31705 0.946581
24 0.164751 0.498932 0.327586 0.972222
26 0.516762 0.479701 0.324713 0.942308
25 0.837644 0.505342 0.31705 0.946581
24 0.164751 0.498932 0.327586 0.972222
26 0.516762 0.479701 0.324713 0.942308
25 0.837644 0.505342 0.31705 0.946581
24 0.164751 0.498932 0.327586 0.972222
26 0.516762 0.479701 0.324713 0.942308
25 0.837644 0.505342 0.31705 0.946581
24 0.164751 0.498932 0.327586 0.972222
26 0.516762 0.479701 0.324713 0.942308
25 0.837644 0.505342 0.31705 0.946581
24 0.164751 0.498932 0.327586 0.972222
26 0.516762 0.479701 0.324713 0.942308
25 0.837644 0.505342 0.31705 0.946581
