17 0.16802 0.856512 0.149239 0.282561
11 0.435533 0.524283 0.182741 0.496689
23 0.417259 0.335541 0.164467 0.445916
24 0.16599 0.587196 0.33198 0.825607
1 0.53198 0.34106 0.198985 0.527594
4 0.182233 0.292494 0.135025 0.403974
19 0.820812 0.652318 0.195939 0.514349
23 0.717259 0.739514 0.126904 0.348786
25 0.884264 0.311258 0.219289 0.591612
1 0.764975 0.37638 0.189848 0.496689
6 0.236041 0.591612 0.20203 0.529801
1 0.461421 0.456954 0.297462 0.768212
19 0.260406 0.337748 0.19797 0.560706
14 0.109137 0.368653 0.183756 0.556291
23 0.134518 0.668874 0.189848 0.534216
1 0.811675 0.45585 0.295431 0.80574
14 0.925381 0.826711 0.141117 0.346578
1 0.486802 0.427152 0.303553 0.854305
5 0.172589 0.51766 0.332995 0.92936
1 0.830457 0.435982 0.322843 0.871965
1 0.486802 0.427152 0.303553 0.854305
5 0.172589 0.51766 0.332995 0.92936
1 0.830457 0.435982 0.322843 0.871965
1 0.486802 0.427152 0.303553 0.854305
5 0.172589 0.51766 0.332995 0.92936
1 0.830457 0.435982 0.322843 0.871965
1 0.486802 0.427152 0.303553 0.854305
5 0.172589 0.51766 0.332995 0.92936
1 0.830457 0.435982 0.322843 0.871965
1 0.486802 0.427152 0.303553 0.854305
5 0.172589 0.51766 0.332995 0.92936
1 0.830457 0.435982 0.322843 0.871965
1 0.461421 0.456954 0.297462 0.768212
19 0.260406 0.337748 0.19797 0.560706
23 0.134518 0.668874 0.189848 0.534216
1 0.811675 0.45585 0.295431 0.80574
14 0.925381 0.826711 0.141117 0.346578
5 0.190863 0.504415 0.328934 0.854305
1 0.483249 0.443709 0.332995 0.852097
1 0.828426 0.462472 0.320812 0.85872
11 0.487817 0.432671 0.315736 0.852097
1 0.832487 0.440397 0.320812 0.880795
0 0.179188 0.515453 0.346193 0.969095
0 0.179695 0.509934 0.339086 0.958057
11 0.483756 0.419426 0.307614 0.838852
1 0.831472 0.437086 0.326904 0.874172
0 0.179695 0.509934 0.339086 0.958057
11 0.483756 0.419426 0.307614 0.838852
1 0.831472 0.437086 0.326904 0.874172
1 0.486802 0.427152 0.303553 0.854305
5 0.172589 0.51766 0.332995 0.92936
1 0.830457 0.435982 0.322843 0.871965
1 0.486802 0.427152 0.303553 0.854305
5 0.172589 0.51766 0.332995 0.92936
1 0.830457 0.435982 0.322843 0.871965
1 0.486802 0.427152 0.303553 0.854305
5 0.172589 0.51766 0.332995 0.92936
1 0.830457 0.435982 0.322843 0.871965
1 0.486802 0.427152 0.303553 0.854305
5 0.172589 0.51766 0.332995 0.92936
1 0.830457 0.435982 0.322843 0.871965
1 0.486802 0.427152 0.303553 0.854305
5 0.172589 0.51766 0.332995 0.92936
1 0.830457 0.435982 0.322843 0.871965
1 0.486802 0.427152 0.303553 0.854305
5 0.172589 0.51766 0.332995 0.92936
1 0.830457 0.435982 0.322843 0.871965
1 0.486802 0.427152 0.303553 0.854305
5 0.172589 0.51766 0.332995 0.92936
1 0.830457 0.435982 0.322843 0.871965
1 0.486802 0.427152 0.303553 0.854305
5 0.172589 0.51766 0.332995 0.92936
1 0.830457 0.435982 0.322843 0.871965
