1 0.939776 0.741632 0.120448 0.322176
11 0.778711 0.819561 0.162465 0.145397
11 0.52451 0.806485 0.180672 0.171548
1 0.556022 0.688285 0.2493 0.223849
14 0.827031 0.384937 0.17507 0.171548
4 0.243697 0.657427 0.176471 0.17887
7 0.813025 0.137552 0.284314 0.275105
17 0.471989 0.9409 0.170868 0.118201
11 0.782913 0.804916 0.263305 0.237448
20 0.196078 0.416318 0.151261 0.138075
25 0.862745 0.259937 0.254902 0.264644
23 0.705882 0.256276 0.170868 0.167364
1 0.138655 0.382845 0.263305 0.251046
19 0.923669 0.46705 0.144258 0.151674
11 0.301821 0.802301 0.27591 0.263598
26 0.306022 0.221234 0.189076 0.191423
11 0.414566 0.112448 0.277311 0.224895
1 0.606443 0.744247 0.403361 0.35251
8 0.717087 0.229603 0.35014 0.335774
14 0.221289 0.933577 0.176471 0.132845
14 0.135154 0.682008 0.256303 0.271967
23 0.732493 0.67887 0.302521 0.274059
7 0.77591 0.10931 0.173669 0.172594
1 0.957283 0.768305 0.0854342 0.231172
19 0.348039 0.67887 0.267507 0.253138
7 0.653361 0.13023 0.264706 0.26046
23 0.165966 0.851987 0.242297 0.237448
3 0.666667 0.404289 0.226891 0.206067
26 0.338235 0.184623 0.413165 0.369247
8 0.769608 0.257322 0.460784 0.458159
1 0.952381 0.728033 0.0952381 0.359833
11 0.647059 0.721757 0.448179 0.435146
26 0.319328 0.218096 0.467787 0.421548
5 0.231793 0.77249 0.460784 0.438285
8 0.769608 0.257322 0.460784 0.458159
1 0.952381 0.728033 0.0952381 0.359833
11 0.647059 0.721757 0.448179 0.435146
26 0.319328 0.218096 0.467787 0.421548
5 0.231793 0.77249 0.460784 0.438285
8 0.769608 0.257322 0.460784 0.458159
1 0.952381 0.728033 0.0952381 0.359833
11 0.647059 0.721757 0.448179 0.435146
26 0.319328 0.218096 0.467787 0.421548
5 0.231793 0.77249 0.460784 0.438285
8 0.769608 0.257322 0.460784 0.458159
1 0.952381 0.728033 0.0952381 0.359833
11 0.647059 0.721757 0.448179 0.435146
26 0.319328 0.218096 0.467787 0.421548
5 0.231793 0.77249 0.460784 0.438285
8 0.769608 0.257322 0.460784 0.458159
1 0.952381 0.728033 0.0952381 0.359833
11 0.647059 0.721757 0.448179 0.435146
26 0.319328 0.218096 0.467787 0.421548
5 0.231793 0.77249 0.460784 0.438285
1 0.138655 0.66318 0.2493 0.23431
25 0.862745 0.259937 0.254902 0.264644
1 0.138655 0.382845 0.263305 0.251046
19 0.923669 0.46705 0.144258 0.151674
23 0.732493 0.67887 0.302521 0.274059
1 0.957283 0.768305 0.0854342 0.231172
19 0.348039 0.67887 0.267507 0.253138
7 0.653361 0.13023 0.264706 0.26046
23 0.165966 0.851987 0.242297 0.237448
3 0.666667 0.404289 0.226891 0.206067
26 0.338235 0.184623 0.413165 0.369247
1 0.937675 0.738494 0.12465 0.317992
14 0.721289 0.224372 0.442577 0.444561
5 0.2507 0.774059 0.448179 0.399582
11 0.654762 0.735879 0.463585 0.42364
26 0.310224 0.194561 0.44958 0.387029
1 0.943978 0.731172 0.112045 0.372385
25 0.756303 0.253661 0.478992 0.488494
26 0.287115 0.23431 0.507003 0.464435
11 0.65056 0.721757 0.421569 0.40795
0 0.232493 0.76569 0.464986 0.468619
1 0.948179 0.725418 0.103641 0.354603
25 0.752801 0.246862 0.494398 0.483264
11 0.65126 0.724372 0.442577 0.421548
26 0.311625 0.218096 0.47479 0.42364
0 0.235994 0.77249 0.460784 0.455021
1 0.948179 0.725418 0.103641 0.354603
25 0.752801 0.246862 0.494398 0.483264
11 0.65126 0.724372 0.442577 0.421548
26 0.311625 0.218096 0.47479 0.42364
0 0.235994 0.77249 0.460784 0.455021
8 0.769608 0.257322 0.460784 0.458159
1 0.952381 0.728033 0.0952381 0.359833
11 0.647059 0.721757 0.448179 0.435146
26 0.319328 0.218096 0.467787 0.421548
5 0.231793 0.77249 0.460784 0.438285
8 0.769608 0.257322 0.460784 0.458159
1 0.952381 0.728033 0.0952381 0.359833
11 0.647059 0.721757 0.448179 0.435146
26 0.319328 0.218096 0.467787 0.421548
5 0.231793 0.77249 0.460784 0.438285
8 0.769608 0.257322 0.460784 0.458159
1 0.952381 0.728033 0.0952381 0.359833
11 0.647059 0.721757 0.448179 0.435146
26 0.319328 0.218096 0.467787 0.421548
5 0.231793 0.77249 0.460784 0.438285
8 0.769608 0.257322 0.460784 0.458159
1 0.952381 0.728033 0.0952381 0.359833
11 0.647059 0.721757 0.448179 0.435146
26 0.319328 0.218096 0.467787 0.421548
5 0.231793 0.77249 0.460784 0.438285
8 0.769608 0.257322 0.460784 0.458159
1 0.952381 0.728033 0.0952381 0.359833
11 0.647059 0.721757 0.448179 0.435146
26 0.319328 0.218096 0.467787 0.421548
5 0.231793 0.77249 0.460784 0.438285
8 0.769608 0.257322 0.460784 0.458159
1 0.952381 0.728033 0.0952381 0.359833
11 0.647059 0.721757 0.448179 0.435146
26 0.319328 0.218096 0.467787 0.421548
5 0.231793 0.77249 0.460784 0.438285
8 0.769608 0.257322 0.460784 0.458159
1 0.952381 0.728033 0.0952381 0.359833
11 0.647059 0.721757 0.448179 0.435146
26 0.319328 0.218096 0.467787 0.421548
5 0.231793 0.77249 0.460784 0.438285
8 0.769608 0.257322 0.460784 0.458159
1 0.952381 0.728033 0.0952381 0.359833
11 0.647059 0.721757 0.448179 0.435146
26 0.319328 0.218096 0.467787 0.421548
5 0.231793 0.77249 0.460784 0.438285
