11 0.769231 0.300731 0.108597 0.177331
7 0.116893 0.453382 0.107089 0.171846
18 0.58371 0.934186 0.156863 0.131627
17 0.972851 0.371115 0.0542986 0.16819
19 0.595777 0.35649 0.105581 0.164534
4 0.595023 0.159963 0.0980392 0.159049
10 0.419306 0.609689 0.171946 0.268739
18 0.0580694 0.386654 0.116139 0.184644
19 0.834842 0.386654 0.167421 0.265082
4 0.57994 0.235832 0.125189 0.219378
14 0.745098 0.0877514 0.129713 0.175503
4 0.895928 0.744973 0.0935143 0.155393
1 0.693062 0.347349 0.224736 0.329068
1 0.65083 0.122486 0.19457 0.244973
9 0.0784314 0.204753 0.126697 0.201097
10 0.179487 0.52011 0.12368 0.191956
10 0.444193 0.670018 0.107089 0.177331
10 0.104827 0.57404 0.155354 0.234004
14 0.857466 0.100548 0.110106 0.182815
14 0.108597 0.304388 0.211161 0.341865
23 0.0263952 0.675503 0.0527903 0.140768
19 0.538462 0.572212 0.111614 0.182815
1 0.868778 0.498172 0.217195 0.327239
4 0.530166 0.313528 0.0829563 0.137112
3 0.168175 0.732176 0.137255 0.213894
23 0.170437 0.461609 0.214178 0.345521
7 0.987934 0.887569 0.0241327 0.155393
19 0.621418 0.369287 0.171946 0.263254
10 0.991704 0.11426 0.0165913 0.144424
7 0.242836 0.240402 0.229261 0.389397
1 0.883861 0.472578 0.11463 0.170018
4 0.930618 0.540219 0.102564 0.159049
23 0.653846 0.538391 0.101056 0.162706
10 0.303922 0.71755 0.173454 0.279707
19 0.757164 0.235832 0.159879 0.26691
4 0.944193 0.28245 0.105581 0.213894
3 0.128959 0.734004 0.230769 0.323583
19 0.420814 0.835466 0.129713 0.219378
23 0.190799 0.452468 0.269985 0.400366
19 0.664404 0.363803 0.266968 0.413163
19 0.816742 0.377514 0.227753 0.316271
18 0.76546 0.247715 0.158371 0.276051
8 0.292609 0.477148 0.455505 0.709324
19 0.757164 0.367459 0.449472 0.654479
18 0.76546 0.247715 0.158371 0.276051
8 0.292609 0.477148 0.455505 0.709324
19 0.757164 0.367459 0.449472 0.654479
19 0.816742 0.377514 0.227753 0.316271
18 0.76546 0.247715 0.158371 0.276051
8 0.292609 0.477148 0.455505 0.709324
19 0.757164 0.367459 0.449472 0.654479
8 0.292609 0.477148 0.455505 0.709324
19 0.757164 0.367459 0.449472 0.654479
8 0.292609 0.477148 0.455505 0.709324
19 0.757164 0.367459 0.449472 0.654479
10 0.444193 0.670018 0.107089 0.177331
14 0.857466 0.100548 0.110106 0.182815
23 0.161388 0.499086 0.162896 0.263254
23 0.0263952 0.675503 0.0527903 0.140768
19 0.538462 0.572212 0.111614 0.182815
4 0.530166 0.313528 0.0829563 0.137112
7 0.987934 0.887569 0.0241327 0.155393
19 0.621418 0.369287 0.171946 0.263254
10 0.991704 0.11426 0.0165913 0.144424
7 0.242836 0.240402 0.229261 0.389397
4 0.930618 0.540219 0.102564 0.159049
23 0.653846 0.538391 0.101056 0.162706
10 0.303922 0.71755 0.173454 0.279707
19 0.757164 0.235832 0.159879 0.26691
4 0.944193 0.28245 0.105581 0.213894
3 0.128959 0.734004 0.230769 0.323583
19 0.420814 0.835466 0.129713 0.219378
4 0.943439 0.289762 0.110106 0.202925
7 0.985671 0.904022 0.0286576 0.191956
23 0.0241327 0.710238 0.0482655 0.206581
19 0.59276 0.35649 0.15083 0.234004
4 0.92006 0.533821 0.126697 0.212066
8 0.374057 0.554845 0.292609 0.451554
7 0.257164 0.213894 0.260935 0.427788
19 0.542986 0.581353 0.12368 0.204753
23 0.158371 0.491773 0.168929 0.26691
10 0.991704 0.137112 0.0165913 0.204753
19 0.75264 0.258684 0.184012 0.305302
19 0.776772 0.840037 0.214178 0.294333
19 0.409502 0.837294 0.128205 0.212066
3 0.130468 0.744973 0.242836 0.341865
8 0.257164 0.490859 0.466063 0.722121
19 0.757919 0.35192 0.447964 0.670932
8 0.263198 0.433272 0.414781 0.694698
19 0.755656 0.355576 0.446456 0.652651
8 0.263198 0.433272 0.414781 0.694698
19 0.755656 0.355576 0.446456 0.652651
8 0.292609 0.477148 0.455505 0.709324
19 0.757164 0.367459 0.449472 0.654479
8 0.292609 0.477148 0.455505 0.709324
19 0.757164 0.367459 0.449472 0.654479
8 0.292609 0.477148 0.455505 0.709324
19 0.757164 0.367459 0.449472 0.654479
8 0.292609 0.477148 0.455505 0.709324
19 0.757164 0.367459 0.449472 0.654479
8 0.292609 0.477148 0.455505 0.709324
19 0.757164 0.367459 0.449472 0.654479
8 0.292609 0.477148 0.455505 0.709324
19 0.757164 0.367459 0.449472 0.654479
19 0.816742 0.377514 0.227753 0.316271
18 0.76546 0.247715 0.158371 0.276051
8 0.292609 0.477148 0.455505 0.709324
19 0.757164 0.367459 0.449472 0.654479
18 0.76546 0.247715 0.158371 0.276051
8 0.292609 0.477148 0.455505 0.709324
19 0.757164 0.367459 0.449472 0.654479
