17 0.627344 0.028125 0.126563 0.05625
1 0.00703125 0.273958 0.0140625 0.16875
25 0.942187 0.685417 0.084375 0.145833
21 0.210938 0.0125 0.084375 0.025
17 0.726562 0.0239583 0.1125 0.0479167
24 0.096875 0.805208 0.075 0.13125
2 0.0132813 0.839583 0.0265625 0.1875
23 0.009375 0.461458 0.01875 0.16875
17 0.600781 0.0541667 0.142188 0.108333
21 0.201562 0.0270833 0.1 0.0541667
17 0.686719 0.0479167 0.157813 0.0958333
21 0.300781 0.0364583 0.110937 0.0729167
10 0.115625 0.965625 0.084375 0.06875
10 0.250781 0.659375 0.0953125 0.160417
12 0.285156 0.979167 0.0921875 0.0416667
9 0.252344 0.451042 0.101562 0.172917
8 0.658594 0.463542 0.101562 0.197917
9 0.071875 0.448958 0.109375 0.185417
9 0.103906 0.611458 0.0984375 0.16875
14 0.707812 0.853125 0.103125 0.197917
5 0.472656 0.214583 0.101562 0.195833
16 0.910156 0.0458333 0.120312 0.0916667
5 0.578125 0.2125 0.10625 0.195833
8 0.757812 0.4625 0.10625 0.2
16 0.805469 0.0489583 0.114063 0.0979167
19 0.873438 0.194792 0.115625 0.197917
14 0.617969 0.853125 0.101562 0.197917
18 0.854688 0.453125 0.1125 0.19375
11 0.615625 0.651042 0.096875 0.160417
4 0.2625 0.223958 0.1 0.214583
4 0.361719 0.226042 0.101562 0.21875
9 0.18125 0.633333 0.0875 0.154167
7 0.771875 0.236458 0.10625 0.222917
7 0.673437 0.235417 0.103125 0.220833
9 0.363281 0.451042 0.101562 0.18125
9 0.164844 0.445833 0.104687 0.1875
24 0.155469 0.85 0.0953125 0.179167
1 0.808594 0.646875 0.0953125 0.160417
9 0.346875 0.639583 0.090625 0.1625
12 0.257031 0.864583 0.0890625 0.158333
3 0.435156 0.846875 0.101562 0.172917
15 0.800781 0.867708 0.0953125 0.15625
22 0.495313 0.04375 0.103125 0.0875
3 0.524219 0.851042 0.104687 0.177083
2 0.0570313 0.228125 0.107813 0.20625
2 0.167187 0.228125 0.1 0.19375
22 0.396094 0.04375 0.101562 0.0875
11 0.713281 0.65625 0.0921875 0.158333
0 0.526563 0.639583 0.090625 0.1625
0 0.435937 0.646875 0.090625 0.160417
26 0.457812 0.455208 0.096875 0.177083
26 0.55625 0.455208 0.096875 0.177083
21 0.305469 0.0145833 0.110937 0.0291667
12 0.275781 0.954167 0.0984375 0.0916667
2 0.0109375 0.840625 0.021875 0.172917
13 0.01875 0.54375 0.0375 0.225
17 0.704687 0.0270833 0.11875 0.0541667
21 0.185156 0.0239583 0.107813 0.0479167
21 0.294531 0.0375 0.0953125 0.075
20 0.253906 0.653125 0.0921875 0.18125
12 0.283594 0.976042 0.0984375 0.0479167
24 0.09375 0.801042 0.09375 0.152083
17 0.68125 0.0583333 0.15625 0.116667
20 0.113281 0.967708 0.0890625 0.0645833
16 0.910156 0.0427083 0.123438 0.0854167
16 0.803906 0.0479167 0.117188 0.0958333
9 0.252344 0.454167 0.0984375 0.170833
9 0.0679687 0.43125 0.117188 0.195833
19 0.873438 0.192708 0.1125 0.19375
8 0.755469 0.464583 0.0984375 0.191667
17 0.6 0.0489583 0.125 0.0979167
9 0.10625 0.608333 0.090625 0.154167
5 0.578125 0.209375 0.103125 0.189583
2 0.0546875 0.222917 0.109375 0.2125
3 0.434375 0.851042 0.1 0.16875
5 0.470313 0.208333 0.103125 0.195833
9 0.179688 0.636458 0.0875 0.15625
14 0.617188 0.851042 0.096875 0.202083
14 0.708594 0.857292 0.0984375 0.202083
18 0.854688 0.45 0.1125 0.195833
9 0.164062 0.442708 0.103125 0.18125
3 0.527344 0.85 0.104687 0.175
7 0.672656 0.233333 0.107813 0.220833
11 0.6125 0.648958 0.096875 0.160417
1 0.807813 0.644792 0.09375 0.164583
4 0.261719 0.220833 0.104687 0.220833
8 0.661719 0.482292 0.0953125 0.19375
9 0.346875 0.638542 0.0875 0.160417
7 0.771094 0.2375 0.110937 0.233333
4 0.360156 0.222917 0.104687 0.220833
9 0.363281 0.448958 0.0984375 0.177083
22 0.495313 0.0458333 0.103125 0.0916667
12 0.254687 0.8625 0.090625 0.1625
15 0.800781 0.86875 0.0921875 0.154167
22 0.395312 0.04375 0.103125 0.0875
2 0.164844 0.227083 0.101562 0.2
24 0.15625 0.852083 0.09375 0.175
0 0.526563 0.640625 0.0875 0.160417
11 0.714063 0.65625 0.09375 0.158333
0 0.436719 0.645833 0.0890625 0.1625
26 0.457812 0.454167 0.09375 0.175
26 0.555469 0.455208 0.0953125 0.177083
17 0.704687 0.0270833 0.11875 0.0541667
21 0.185156 0.0239583 0.107813 0.0479167
21 0.294531 0.0375 0.0953125 0.075
20 0.253906 0.653125 0.0921875 0.18125
12 0.283594 0.976042 0.0984375 0.0479167
24 0.09375 0.801042 0.09375 0.152083
17 0.68125 0.0583333 0.15625 0.116667
20 0.113281 0.967708 0.0890625 0.0645833
16 0.910156 0.0427083 0.123438 0.0854167
16 0.803906 0.0479167 0.117188 0.0958333
9 0.252344 0.454167 0.0984375 0.170833
9 0.0679687 0.43125 0.117188 0.195833
19 0.873438 0.192708 0.1125 0.19375
8 0.755469 0.464583 0.0984375 0.191667
17 0.6 0.0489583 0.125 0.0979167
9 0.10625 0.608333 0.090625 0.154167
5 0.578125 0.209375 0.103125 0.189583
2 0.0546875 0.222917 0.109375 0.2125
3 0.434375 0.851042 0.1 0.16875
5 0.470313 0.208333 0.103125 0.195833
9 0.179688 0.636458 0.0875 0.15625
14 0.617188 0.851042 0.096875 0.202083
14 0.708594 0.857292 0.0984375 0.202083
18 0.854688 0.45 0.1125 0.195833
9 0.164062 0.442708 0.103125 0.18125
3 0.527344 0.85 0.104687 0.175
7 0.672656 0.233333 0.107813 0.220833
11 0.6125 0.648958 0.096875 0.160417
1 0.807813 0.644792 0.09375 0.164583
4 0.261719 0.220833 0.104687 0.220833
8 0.661719 0.482292 0.0953125 0.19375
9 0.346875 0.638542 0.0875 0.160417
7 0.771094 0.2375 0.110937 0.233333
4 0.360156 0.222917 0.104687 0.220833
9 0.363281 0.448958 0.0984375 0.177083
22 0.495313 0.0458333 0.103125 0.0916667
12 0.254687 0.8625 0.090625 0.1625
15 0.800781 0.86875 0.0921875 0.154167
22 0.395312 0.04375 0.103125 0.0875
2 0.164844 0.227083 0.101562 0.2
24 0.15625 0.852083 0.09375 0.175
0 0.526563 0.640625 0.0875 0.160417
11 0.714063 0.65625 0.09375 0.158333
0 0.436719 0.645833 0.0890625 0.1625
26 0.457812 0.454167 0.09375 0.175
26 0.555469 0.455208 0.0953125 0.177083
2 0.0109375 0.840625 0.021875 0.172917
13 0.01875 0.54375 0.0375 0.225
17 0.704687 0.0270833 0.11875 0.0541667
21 0.185156 0.0239583 0.107813 0.0479167
21 0.294531 0.0375 0.0953125 0.075
20 0.253906 0.653125 0.0921875 0.18125
12 0.283594 0.976042 0.0984375 0.0479167
24 0.09375 0.801042 0.09375 0.152083
17 0.68125 0.0583333 0.15625 0.116667
20 0.113281 0.967708 0.0890625 0.0645833
16 0.910156 0.0427083 0.123438 0.0854167
16 0.803906 0.0479167 0.117188 0.0958333
9 0.252344 0.454167 0.0984375 0.170833
9 0.0679687 0.43125 0.117188 0.195833
19 0.873438 0.192708 0.1125 0.19375
8 0.755469 0.464583 0.0984375 0.191667
17 0.6 0.0489583 0.125 0.0979167
9 0.10625 0.608333 0.090625 0.154167
5 0.578125 0.209375 0.103125 0.189583
2 0.0546875 0.222917 0.109375 0.2125
3 0.434375 0.851042 0.1 0.16875
5 0.470313 0.208333 0.103125 0.195833
9 0.179688 0.636458 0.0875 0.15625
14 0.617188 0.851042 0.096875 0.202083
14 0.708594 0.857292 0.0984375 0.202083
18 0.854688 0.45 0.1125 0.195833
9 0.164062 0.442708 0.103125 0.18125
3 0.527344 0.85 0.104687 0.175
7 0.672656 0.233333 0.107813 0.220833
11 0.6125 0.648958 0.096875 0.160417
1 0.807813 0.644792 0.09375 0.164583
4 0.261719 0.220833 0.104687 0.220833
8 0.661719 0.482292 0.0953125 0.19375
9 0.346875 0.638542 0.0875 0.160417
7 0.771094 0.2375 0.110937 0.233333
4 0.360156 0.222917 0.104687 0.220833
9 0.363281 0.448958 0.0984375 0.177083
22 0.495313 0.0458333 0.103125 0.0916667
12 0.254687 0.8625 0.090625 0.1625
15 0.800781 0.86875 0.0921875 0.154167
22 0.395312 0.04375 0.103125 0.0875
2 0.164844 0.227083 0.101562 0.2
24 0.15625 0.852083 0.09375 0.175
0 0.526563 0.640625 0.0875 0.160417
11 0.714063 0.65625 0.09375 0.158333
0 0.436719 0.645833 0.0890625 0.1625
26 0.457812 0.454167 0.09375 0.175
26 0.555469 0.455208 0.0953125 0.177083
2 0.0109375 0.840625 0.021875 0.172917
13 0.01875 0.54375 0.0375 0.225
21 0.185156 0.0239583 0.107813 0.0479167
17 0.7 0.0354167 0.128125 0.0708333
21 0.294531 0.0375 0.0953125 0.075
24 0.0914062 0.8 0.0828125 0.15
20 0.253906 0.653125 0.0921875 0.18125
12 0.283594 0.976042 0.0984375 0.0479167
20 0.113281 0.967708 0.0890625 0.0645833
16 0.910156 0.0427083 0.123438 0.0854167
16 0.803906 0.0479167 0.117188 0.0958333
9 0.252344 0.454167 0.0984375 0.170833
9 0.0679687 0.43125 0.117188 0.195833
19 0.873438 0.192708 0.1125 0.19375
8 0.755469 0.464583 0.0984375 0.191667
17 0.6 0.0489583 0.125 0.0979167
9 0.10625 0.608333 0.090625 0.154167
5 0.578125 0.209375 0.103125 0.189583
2 0.0546875 0.222917 0.109375 0.2125
3 0.434375 0.851042 0.1 0.16875
5 0.470313 0.208333 0.103125 0.195833
9 0.179688 0.636458 0.0875 0.15625
14 0.617188 0.851042 0.096875 0.202083
14 0.708594 0.857292 0.0984375 0.202083
18 0.854688 0.45 0.1125 0.195833
9 0.164062 0.442708 0.103125 0.18125
3 0.527344 0.85 0.104687 0.175
7 0.672656 0.233333 0.107813 0.220833
11 0.6125 0.648958 0.096875 0.160417
1 0.807813 0.644792 0.09375 0.164583
4 0.261719 0.220833 0.104687 0.220833
8 0.661719 0.482292 0.0953125 0.19375
9 0.346875 0.638542 0.0875 0.160417
7 0.771094 0.2375 0.110937 0.233333
4 0.360156 0.222917 0.104687 0.220833
9 0.363281 0.448958 0.0984375 0.177083
22 0.495313 0.0458333 0.103125 0.0916667
12 0.254687 0.8625 0.090625 0.1625
15 0.800781 0.86875 0.0921875 0.154167
22 0.395312 0.04375 0.103125 0.0875
2 0.164844 0.227083 0.101562 0.2
24 0.15625 0.852083 0.09375 0.175
0 0.526563 0.640625 0.0875 0.160417
11 0.714063 0.65625 0.09375 0.158333
0 0.436719 0.645833 0.0890625 0.1625
26 0.457812 0.454167 0.09375 0.175
26 0.555469 0.455208 0.0953125 0.177083
2 0.0109375 0.840625 0.021875 0.172917
13 0.01875 0.54375 0.0375 0.225
21 0.185156 0.0239583 0.107813 0.0479167
17 0.7 0.0354167 0.128125 0.0708333
21 0.294531 0.0375 0.0953125 0.075
24 0.0914062 0.8 0.0828125 0.15
20 0.253906 0.653125 0.0921875 0.18125
12 0.283594 0.976042 0.0984375 0.0479167
20 0.113281 0.967708 0.0890625 0.0645833
16 0.910156 0.0427083 0.123438 0.0854167
16 0.803906 0.0479167 0.117188 0.0958333
9 0.252344 0.454167 0.0984375 0.170833
9 0.0679687 0.43125 0.117188 0.195833
19 0.873438 0.192708 0.1125 0.19375
8 0.755469 0.464583 0.0984375 0.191667
17 0.6 0.0489583 0.125 0.0979167
9 0.10625 0.608333 0.090625 0.154167
5 0.578125 0.209375 0.103125 0.189583
2 0.0546875 0.222917 0.109375 0.2125
3 0.434375 0.851042 0.1 0.16875
5 0.470313 0.208333 0.103125 0.195833
9 0.179688 0.636458 0.0875 0.15625
14 0.617188 0.851042 0.096875 0.202083
14 0.708594 0.857292 0.0984375 0.202083
18 0.854688 0.45 0.1125 0.195833
9 0.164062 0.442708 0.103125 0.18125
3 0.527344 0.85 0.104687 0.175
7 0.672656 0.233333 0.107813 0.220833
11 0.6125 0.648958 0.096875 0.160417
1 0.807813 0.644792 0.09375 0.164583
4 0.261719 0.220833 0.104687 0.220833
8 0.661719 0.482292 0.0953125 0.19375
9 0.346875 0.638542 0.0875 0.160417
7 0.771094 0.2375 0.110937 0.233333
4 0.360156 0.222917 0.104687 0.220833
9 0.363281 0.448958 0.0984375 0.177083
22 0.495313 0.0458333 0.103125 0.0916667
12 0.254687 0.8625 0.090625 0.1625
15 0.800781 0.86875 0.0921875 0.154167
22 0.395312 0.04375 0.103125 0.0875
2 0.164844 0.227083 0.101562 0.2
24 0.15625 0.852083 0.09375 0.175
0 0.526563 0.640625 0.0875 0.160417
11 0.714063 0.65625 0.09375 0.158333
0 0.436719 0.645833 0.0890625 0.1625
26 0.457812 0.454167 0.09375 0.175
26 0.555469 0.455208 0.0953125 0.177083
2 0.0132813 0.839583 0.0265625 0.1875
23 0.009375 0.461458 0.01875 0.16875
21 0.201562 0.0270833 0.1 0.0541667
17 0.686719 0.0479167 0.157813 0.0958333
21 0.300781 0.0364583 0.110937 0.0729167
10 0.115625 0.965625 0.084375 0.06875
10 0.250781 0.659375 0.0921875 0.160417
12 0.285156 0.979167 0.0921875 0.0416667
9 0.252344 0.451042 0.101562 0.172917
8 0.658594 0.463542 0.101562 0.197917
9 0.071875 0.448958 0.109375 0.185417
9 0.103906 0.611458 0.0984375 0.16875
14 0.707812 0.853125 0.103125 0.197917
5 0.472656 0.214583 0.101562 0.195833
16 0.910156 0.0458333 0.120312 0.0916667
5 0.578125 0.2125 0.10625 0.195833
8 0.757812 0.4625 0.10625 0.2
16 0.805469 0.0489583 0.114063 0.0979167
19 0.873438 0.194792 0.115625 0.197917
14 0.617969 0.853125 0.101562 0.197917
18 0.854688 0.453125 0.1125 0.19375
11 0.615625 0.651042 0.096875 0.160417
4 0.2625 0.223958 0.1 0.214583
4 0.361719 0.226042 0.101562 0.21875
9 0.18125 0.633333 0.0875 0.154167
7 0.771875 0.236458 0.10625 0.222917
7 0.673437 0.235417 0.103125 0.220833
9 0.363281 0.451042 0.101562 0.18125
9 0.164844 0.445833 0.104687 0.1875
24 0.155469 0.85 0.0953125 0.179167
1 0.808594 0.646875 0.0953125 0.160417
9 0.346875 0.639583 0.090625 0.1625
12 0.257031 0.864583 0.0890625 0.158333
3 0.435156 0.846875 0.101562 0.172917
15 0.800781 0.867708 0.0953125 0.15625
22 0.495313 0.04375 0.103125 0.0875
3 0.524219 0.851042 0.104687 0.177083
2 0.0570313 0.228125 0.107813 0.20625
2 0.167187 0.228125 0.1 0.19375
22 0.396094 0.04375 0.101562 0.0875
11 0.713281 0.65625 0.0921875 0.158333
0 0.526563 0.639583 0.090625 0.1625
0 0.435937 0.646875 0.090625 0.160417
26 0.457812 0.455208 0.096875 0.177083
26 0.55625 0.455208 0.096875 0.177083
9 0.0117188 0.842708 0.0234375 0.177083
1 0.0109375 0.466667 0.021875 0.195833
17 0.686719 0.0333333 0.157813 0.0666667
12 0.288281 0.980208 0.0890625 0.0395833
20 0.114063 0.967708 0.0875 0.0645833
9 0.251563 0.460417 0.10625 0.179167
9 0.103906 0.611458 0.0953125 0.164583
16 0.904688 0.0520833 0.121875 0.104167
8 0.657031 0.4625 0.0984375 0.2
9 0.0703125 0.44375 0.115625 0.195833
9 0.178125 0.645833 0.09375 0.158333
9 0.164844 0.440625 0.110937 0.189583
5 0.578125 0.211458 0.103125 0.19375
5 0.471875 0.210417 0.103125 0.191667
19 0.874219 0.189583 0.117188 0.2
14 0.708594 0.855208 0.104687 0.210417
18 0.855469 0.453125 0.114063 0.19375
14 0.621094 0.852083 0.101562 0.204167
11 0.6125 0.659375 0.096875 0.160417
8 0.757812 0.461458 0.1 0.197917
16 0.803125 0.0479167 0.115625 0.0958333
4 0.264062 0.225 0.103125 0.216667
15 0.800781 0.869792 0.0953125 0.160417
2 0.0585938 0.223958 0.114063 0.210417
7 0.773438 0.235417 0.10625 0.225
2 0.164844 0.229167 0.104687 0.195833
7 0.672656 0.234375 0.101562 0.21875
3 0.435156 0.846875 0.0984375 0.16875
1 0.808594 0.65 0.0890625 0.158333
9 0.364844 0.45 0.101562 0.183333
3 0.525781 0.851042 0.104687 0.177083
4 0.360156 0.223958 0.101562 0.21875
9 0.347656 0.6375 0.0921875 0.166667
24 0.155469 0.851042 0.0953125 0.177083
22 0.397656 0.0427083 0.101562 0.0854167
12 0.257031 0.864583 0.0859375 0.158333
0 0.525781 0.640625 0.0890625 0.160417
22 0.496875 0.04375 0.103125 0.0875
11 0.713281 0.65625 0.0921875 0.158333
0 0.4375 0.646875 0.090625 0.164583
26 0.55625 0.454167 0.09375 0.175
26 0.458594 0.454167 0.0953125 0.175
13 0.0171875 0.525 0.034375 0.229167
7 0.485156 0.967708 0.0828125 0.0645833
21 0.190625 0.0510417 0.115625 0.102083
7 0.565625 0.969792 0.090625 0.0604167
2 0.0101562 0.839583 0.0203125 0.175
21 0.298438 0.0458333 0.1 0.0916667
9 0.934375 0.666667 0.109375 0.183333
24 0.0921875 0.807292 0.078125 0.147917
17 0.689844 0.0552083 0.126563 0.110417
12 0.288281 0.976042 0.101562 0.0479167
20 0.250781 0.652083 0.0890625 0.1625
16 0.90625 0.0458333 0.115625 0.0916667
20 0.110937 0.967708 0.090625 0.0645833
11 0.615625 0.645833 0.1 0.1625
8 0.757031 0.469792 0.101562 0.202083
18 0.85625 0.447917 0.1 0.179167
2 0.0546875 0.215625 0.109375 0.210417
16 0.803906 0.0458333 0.117188 0.0916667
14 0.621094 0.847917 0.0984375 0.204167
1 0.807031 0.641667 0.0890625 0.154167
9 0.0695312 0.4375 0.107813 0.183333
14 0.710938 0.852083 0.103125 0.2125
4 0.359375 0.230208 0.103125 0.214583
9 0.164062 0.440625 0.10625 0.185417
4 0.260938 0.235417 0.103125 0.2125
5 0.577344 0.205208 0.0984375 0.185417
3 0.435156 0.85 0.101562 0.170833
5 0.472656 0.204167 0.101562 0.1875
8 0.6625 0.476042 0.09375 0.189583
9 0.10625 0.609375 0.08125 0.14375
9 0.178906 0.63125 0.0828125 0.145833
9 0.249219 0.435417 0.0984375 0.170833
7 0.671875 0.234375 0.1125 0.239583
9 0.348437 0.6375 0.09375 0.166667
19 0.873438 0.194792 0.096875 0.172917
7 0.770312 0.233333 0.109375 0.233333
22 0.396875 0.0427083 0.10625 0.0854167
22 0.495313 0.0447917 0.103125 0.0895833
12 0.255469 0.861458 0.0890625 0.164583
2 0.1625 0.227083 0.096875 0.191667
15 0.800781 0.867708 0.0921875 0.152083
3 0.525 0.85 0.103125 0.175
9 0.3625 0.447917 0.1 0.179167
24 0.157813 0.847917 0.09375 0.179167
0 0.527344 0.641667 0.0890625 0.158333
0 0.435937 0.644792 0.090625 0.164583
11 0.7125 0.65625 0.09375 0.158333
26 0.555469 0.454167 0.0953125 0.179167
26 0.458594 0.453125 0.0953125 0.177083
24 0.0953125 0.801042 0.071875 0.13125
21 0.195312 0.053125 0.115625 0.10625
13 0.0195312 0.544792 0.0390625 0.23125
12 0.255469 0.684375 0.101562 0.24375
9 0.0148437 0.844792 0.0296875 0.185417
17 0.688281 0.04375 0.142188 0.0875
10 0.065625 0.901042 0.084375 0.152083
9 0.929688 0.669792 0.109375 0.18125
21 0.299219 0.0416667 0.104687 0.0833333
12 0.283594 0.972917 0.0984375 0.0541667
20 0.114063 0.967708 0.084375 0.0645833
16 0.907812 0.04375 0.115625 0.0875
3 0.530469 0.863542 0.114063 0.185417
9 0.0710938 0.438542 0.107813 0.185417
9 0.179688 0.6375 0.090625 0.158333
9 0.163281 0.440625 0.104687 0.185417
2 0.0554687 0.221875 0.110937 0.214583
5 0.575 0.207292 0.10625 0.19375
14 0.707812 0.85 0.103125 0.208333
9 0.10625 0.608333 0.090625 0.154167
14 0.617969 0.851042 0.0984375 0.20625
4 0.261719 0.230208 0.101562 0.210417
8 0.757031 0.4625 0.0984375 0.191667
19 0.873438 0.194792 0.1 0.177083
16 0.803906 0.0447917 0.120312 0.0895833
5 0.474219 0.204167 0.104687 0.191667
4 0.360156 0.232292 0.104687 0.21875
7 0.774219 0.235417 0.107813 0.229167
11 0.614062 0.6625 0.103125 0.166667
18 0.855469 0.451042 0.117188 0.202083
9 0.248437 0.442708 0.1 0.177083
1 0.807031 0.64375 0.0921875 0.158333
3 0.434375 0.846875 0.09375 0.164583
8 0.658594 0.479167 0.0953125 0.195833
22 0.496875 0.0427083 0.10625 0.0854167
7 0.672656 0.233333 0.104687 0.225
22 0.396094 0.0427083 0.104687 0.0854167
9 0.346875 0.638542 0.09375 0.16875
12 0.258594 0.864583 0.0859375 0.154167
15 0.799219 0.866667 0.0921875 0.154167
2 0.164062 0.227083 0.1 0.195833
24 0.157031 0.848958 0.0953125 0.177083
9 0.364062 0.448958 0.1 0.177083
0 0.527344 0.640625 0.0890625 0.160417
0 0.436719 0.646875 0.0890625 0.164583
11 0.713281 0.65625 0.0953125 0.158333
26 0.555469 0.455208 0.0953125 0.177083
26 0.457812 0.454167 0.09375 0.175
21 0.195312 0.053125 0.115625 0.10625
13 0.0195312 0.544792 0.0390625 0.23125
9 0.0148437 0.844792 0.0296875 0.185417
17 0.688281 0.04375 0.142188 0.0875
10 0.065625 0.901042 0.084375 0.152083
17 0.589063 0.0479167 0.146875 0.0958333
9 0.929688 0.669792 0.109375 0.18125
21 0.299219 0.0416667 0.104687 0.0833333
12 0.283594 0.972917 0.0984375 0.0541667
9 0.250781 0.661458 0.0953125 0.177083
20 0.114063 0.967708 0.084375 0.0645833
16 0.907812 0.04375 0.115625 0.0875
24 0.09375 0.796875 0.08125 0.147917
3 0.530469 0.863542 0.114063 0.185417
9 0.0710938 0.438542 0.107813 0.185417
9 0.179688 0.6375 0.090625 0.158333
9 0.163281 0.440625 0.104687 0.185417
2 0.0554687 0.221875 0.110937 0.214583
5 0.575 0.207292 0.10625 0.19375
14 0.707812 0.85 0.103125 0.208333
9 0.10625 0.608333 0.090625 0.154167
14 0.617969 0.851042 0.0984375 0.20625
4 0.261719 0.230208 0.101562 0.210417
8 0.757031 0.4625 0.0984375 0.191667
19 0.873438 0.194792 0.1 0.177083
16 0.803906 0.0447917 0.120312 0.0895833
5 0.474219 0.204167 0.104687 0.191667
4 0.360156 0.232292 0.104687 0.21875
7 0.774219 0.235417 0.107813 0.229167
11 0.614062 0.6625 0.103125 0.166667
18 0.855469 0.451042 0.117188 0.202083
9 0.248437 0.442708 0.1 0.177083
1 0.807031 0.64375 0.0921875 0.158333
3 0.434375 0.846875 0.09375 0.164583
8 0.658594 0.479167 0.0953125 0.195833
22 0.496875 0.0427083 0.10625 0.0854167
7 0.672656 0.233333 0.104687 0.225
22 0.396094 0.0427083 0.104687 0.0854167
9 0.346875 0.638542 0.09375 0.16875
12 0.258594 0.864583 0.0859375 0.154167
15 0.799219 0.866667 0.0921875 0.154167
2 0.164062 0.227083 0.1 0.195833
24 0.157031 0.848958 0.0953125 0.177083
9 0.364062 0.448958 0.1 0.177083
0 0.527344 0.640625 0.0890625 0.160417
0 0.436719 0.646875 0.0890625 0.164583
11 0.713281 0.65625 0.0953125 0.158333
26 0.555469 0.455208 0.0953125 0.177083
26 0.457812 0.454167 0.09375 0.175
2 0.0109375 0.840625 0.021875 0.172917
13 0.01875 0.54375 0.0375 0.225
21 0.185156 0.0239583 0.107813 0.0479167
17 0.7 0.0354167 0.128125 0.0708333
21 0.294531 0.0375 0.0953125 0.075
24 0.0914062 0.8 0.0828125 0.15
20 0.253906 0.653125 0.0921875 0.18125
12 0.283594 0.976042 0.0984375 0.0479167
20 0.113281 0.967708 0.0890625 0.0645833
16 0.910156 0.0427083 0.123438 0.0854167
16 0.803906 0.0479167 0.117188 0.0958333
9 0.252344 0.454167 0.0984375 0.170833
9 0.0679687 0.43125 0.117188 0.195833
19 0.873438 0.192708 0.1125 0.19375
8 0.755469 0.464583 0.0984375 0.191667
17 0.6 0.0489583 0.125 0.0979167
9 0.10625 0.608333 0.090625 0.154167
5 0.578125 0.209375 0.103125 0.189583
2 0.0546875 0.222917 0.109375 0.2125
3 0.434375 0.851042 0.1 0.16875
5 0.470313 0.208333 0.103125 0.195833
9 0.179688 0.636458 0.0875 0.15625
14 0.617188 0.851042 0.096875 0.202083
14 0.708594 0.857292 0.0984375 0.202083
18 0.854688 0.45 0.1125 0.195833
9 0.164062 0.442708 0.103125 0.18125
3 0.527344 0.85 0.104687 0.175
7 0.672656 0.233333 0.107813 0.220833
11 0.6125 0.648958 0.096875 0.160417
1 0.807813 0.644792 0.09375 0.164583
4 0.261719 0.220833 0.104687 0.220833
8 0.661719 0.482292 0.0953125 0.19375
9 0.346875 0.638542 0.0875 0.160417
7 0.771094 0.2375 0.110937 0.233333
4 0.360156 0.222917 0.104687 0.220833
9 0.363281 0.448958 0.0984375 0.177083
22 0.495313 0.0458333 0.103125 0.0916667
12 0.254687 0.8625 0.090625 0.1625
15 0.800781 0.86875 0.0921875 0.154167
22 0.395312 0.04375 0.103125 0.0875
2 0.164844 0.227083 0.101562 0.2
24 0.15625 0.852083 0.09375 0.175
0 0.526563 0.640625 0.0875 0.160417
11 0.714063 0.65625 0.09375 0.158333
0 0.436719 0.645833 0.0890625 0.1625
26 0.457812 0.454167 0.09375 0.175
26 0.555469 0.455208 0.0953125 0.177083
21 0.185156 0.0239583 0.107813 0.0479167
17 0.7 0.0354167 0.128125 0.0708333
21 0.294531 0.0375 0.0953125 0.075
24 0.0914062 0.8 0.0828125 0.15
20 0.253906 0.653125 0.0921875 0.18125
12 0.283594 0.976042 0.0984375 0.0479167
20 0.113281 0.967708 0.0890625 0.0645833
16 0.910156 0.0427083 0.123438 0.0854167
16 0.803906 0.0479167 0.117188 0.0958333
9 0.252344 0.454167 0.0984375 0.170833
9 0.0679687 0.43125 0.117188 0.195833
19 0.873438 0.192708 0.1125 0.19375
8 0.755469 0.464583 0.0984375 0.191667
17 0.6 0.0489583 0.125 0.0979167
9 0.10625 0.608333 0.090625 0.154167
5 0.578125 0.209375 0.103125 0.189583
2 0.0546875 0.222917 0.109375 0.2125
3 0.434375 0.851042 0.1 0.16875
5 0.470313 0.208333 0.103125 0.195833
9 0.179688 0.636458 0.0875 0.15625
14 0.617188 0.851042 0.096875 0.202083
14 0.708594 0.857292 0.0984375 0.202083
18 0.854688 0.45 0.1125 0.195833
9 0.164062 0.442708 0.103125 0.18125
3 0.527344 0.85 0.104687 0.175
7 0.672656 0.233333 0.107813 0.220833
11 0.6125 0.648958 0.096875 0.160417
1 0.807813 0.644792 0.09375 0.164583
4 0.261719 0.220833 0.104687 0.220833
8 0.661719 0.482292 0.0953125 0.19375
9 0.346875 0.638542 0.0875 0.160417
7 0.771094 0.2375 0.110937 0.233333
4 0.360156 0.222917 0.104687 0.220833
9 0.363281 0.448958 0.0984375 0.177083
22 0.495313 0.0458333 0.103125 0.0916667
12 0.254687 0.8625 0.090625 0.1625
15 0.800781 0.86875 0.0921875 0.154167
22 0.395312 0.04375 0.103125 0.0875
2 0.164844 0.227083 0.101562 0.2
24 0.15625 0.852083 0.09375 0.175
0 0.526563 0.640625 0.0875 0.160417
11 0.714063 0.65625 0.09375 0.158333
0 0.436719 0.645833 0.0890625 0.1625
26 0.457812 0.454167 0.09375 0.175
26 0.555469 0.455208 0.0953125 0.177083
2 0.0109375 0.840625 0.021875 0.172917
13 0.01875 0.54375 0.0375 0.225
21 0.185156 0.0239583 0.107813 0.0479167
17 0.7 0.0354167 0.128125 0.0708333
21 0.294531 0.0375 0.0953125 0.075
24 0.0914062 0.8 0.0828125 0.15
20 0.253906 0.653125 0.0921875 0.18125
12 0.283594 0.976042 0.0984375 0.0479167
20 0.113281 0.967708 0.0890625 0.0645833
16 0.910156 0.0427083 0.123438 0.0854167
16 0.803906 0.0479167 0.117188 0.0958333
9 0.252344 0.454167 0.0984375 0.170833
9 0.0679687 0.43125 0.117188 0.195833
19 0.873438 0.192708 0.1125 0.19375
8 0.755469 0.464583 0.0984375 0.191667
17 0.6 0.0489583 0.125 0.0979167
9 0.10625 0.608333 0.090625 0.154167
5 0.578125 0.209375 0.103125 0.189583
2 0.0546875 0.222917 0.109375 0.2125
3 0.434375 0.851042 0.1 0.16875
5 0.470313 0.208333 0.103125 0.195833
9 0.179688 0.636458 0.0875 0.15625
14 0.617188 0.851042 0.096875 0.202083
14 0.708594 0.857292 0.0984375 0.202083
18 0.854688 0.45 0.1125 0.195833
9 0.164062 0.442708 0.103125 0.18125
3 0.527344 0.85 0.104687 0.175
7 0.672656 0.233333 0.107813 0.220833
11 0.6125 0.648958 0.096875 0.160417
1 0.807813 0.644792 0.09375 0.164583
4 0.261719 0.220833 0.104687 0.220833
8 0.661719 0.482292 0.0953125 0.19375
9 0.346875 0.638542 0.0875 0.160417
7 0.771094 0.2375 0.110937 0.233333
4 0.360156 0.222917 0.104687 0.220833
9 0.363281 0.448958 0.0984375 0.177083
22 0.495313 0.0458333 0.103125 0.0916667
12 0.254687 0.8625 0.090625 0.1625
15 0.800781 0.86875 0.0921875 0.154167
22 0.395312 0.04375 0.103125 0.0875
2 0.164844 0.227083 0.101562 0.2
24 0.15625 0.852083 0.09375 0.175
0 0.526563 0.640625 0.0875 0.160417
11 0.714063 0.65625 0.09375 0.158333
0 0.436719 0.645833 0.0890625 0.1625
26 0.457812 0.454167 0.09375 0.175
26 0.555469 0.455208 0.0953125 0.177083
2 0.0109375 0.840625 0.021875 0.172917
13 0.01875 0.54375 0.0375 0.225
21 0.185156 0.0239583 0.107813 0.0479167
17 0.7 0.0354167 0.128125 0.0708333
21 0.294531 0.0375 0.0953125 0.075
24 0.0914062 0.8 0.0828125 0.15
20 0.253906 0.653125 0.0921875 0.18125
12 0.283594 0.976042 0.0984375 0.0479167
20 0.113281 0.967708 0.0890625 0.0645833
16 0.910156 0.0427083 0.123438 0.0854167
16 0.803906 0.0479167 0.117188 0.0958333
9 0.252344 0.454167 0.0984375 0.170833
9 0.0679687 0.43125 0.117188 0.195833
19 0.873438 0.192708 0.1125 0.19375
8 0.755469 0.464583 0.0984375 0.191667
17 0.6 0.0489583 0.125 0.0979167
9 0.10625 0.608333 0.090625 0.154167
5 0.578125 0.209375 0.103125 0.189583
2 0.0546875 0.222917 0.109375 0.2125
3 0.434375 0.851042 0.1 0.16875
5 0.470313 0.208333 0.103125 0.195833
9 0.179688 0.636458 0.0875 0.15625
14 0.617188 0.851042 0.096875 0.202083
14 0.708594 0.857292 0.0984375 0.202083
18 0.854688 0.45 0.1125 0.195833
9 0.164062 0.442708 0.103125 0.18125
3 0.527344 0.85 0.104687 0.175
7 0.672656 0.233333 0.107813 0.220833
11 0.6125 0.648958 0.096875 0.160417
1 0.807813 0.644792 0.09375 0.164583
4 0.261719 0.220833 0.104687 0.220833
8 0.661719 0.482292 0.0953125 0.19375
9 0.346875 0.638542 0.0875 0.160417
7 0.771094 0.2375 0.110937 0.233333
4 0.360156 0.222917 0.104687 0.220833
9 0.363281 0.448958 0.0984375 0.177083
22 0.495313 0.0458333 0.103125 0.0916667
12 0.254687 0.8625 0.090625 0.1625
15 0.800781 0.86875 0.0921875 0.154167
22 0.395312 0.04375 0.103125 0.0875
2 0.164844 0.227083 0.101562 0.2
24 0.15625 0.852083 0.09375 0.175
0 0.526563 0.640625 0.0875 0.160417
11 0.714063 0.65625 0.09375 0.158333
0 0.436719 0.645833 0.0890625 0.1625
26 0.457812 0.454167 0.09375 0.175
26 0.555469 0.455208 0.0953125 0.177083
2 0.0109375 0.840625 0.021875 0.172917
13 0.01875 0.54375 0.0375 0.225
21 0.185156 0.0239583 0.107813 0.0479167
17 0.7 0.0354167 0.128125 0.0708333
21 0.294531 0.0375 0.0953125 0.075
24 0.0914062 0.8 0.0828125 0.15
20 0.253906 0.653125 0.0921875 0.18125
12 0.283594 0.976042 0.0984375 0.0479167
20 0.113281 0.967708 0.0890625 0.0645833
16 0.910156 0.0427083 0.123438 0.0854167
16 0.803906 0.0479167 0.117188 0.0958333
9 0.252344 0.454167 0.0984375 0.170833
9 0.0679687 0.43125 0.117188 0.195833
19 0.873438 0.192708 0.1125 0.19375
8 0.755469 0.464583 0.0984375 0.191667
17 0.6 0.0489583 0.125 0.0979167
9 0.10625 0.608333 0.090625 0.154167
5 0.578125 0.209375 0.103125 0.189583
2 0.0546875 0.222917 0.109375 0.2125
3 0.434375 0.851042 0.1 0.16875
5 0.470313 0.208333 0.103125 0.195833
9 0.179688 0.636458 0.0875 0.15625
14 0.617188 0.851042 0.096875 0.202083
14 0.708594 0.857292 0.0984375 0.202083
18 0.854688 0.45 0.1125 0.195833
9 0.164062 0.442708 0.103125 0.18125
3 0.527344 0.85 0.104687 0.175
7 0.672656 0.233333 0.107813 0.220833
11 0.6125 0.648958 0.096875 0.160417
1 0.807813 0.644792 0.09375 0.164583
4 0.261719 0.220833 0.104687 0.220833
8 0.661719 0.482292 0.0953125 0.19375
9 0.346875 0.638542 0.0875 0.160417
7 0.771094 0.2375 0.110937 0.233333
4 0.360156 0.222917 0.104687 0.220833
9 0.363281 0.448958 0.0984375 0.177083
22 0.495313 0.0458333 0.103125 0.0916667
12 0.254687 0.8625 0.090625 0.1625
15 0.800781 0.86875 0.0921875 0.154167
22 0.395312 0.04375 0.103125 0.0875
2 0.164844 0.227083 0.101562 0.2
24 0.15625 0.852083 0.09375 0.175
0 0.526563 0.640625 0.0875 0.160417
11 0.714063 0.65625 0.09375 0.158333
0 0.436719 0.645833 0.0890625 0.1625
26 0.457812 0.454167 0.09375 0.175
26 0.555469 0.455208 0.0953125 0.177083
2 0.0109375 0.840625 0.021875 0.172917
13 0.01875 0.54375 0.0375 0.225
21 0.185156 0.0239583 0.107813 0.0479167
17 0.7 0.0354167 0.128125 0.0708333
21 0.294531 0.0375 0.0953125 0.075
24 0.0914062 0.8 0.0828125 0.15
20 0.253906 0.653125 0.0921875 0.18125
12 0.283594 0.976042 0.0984375 0.0479167
20 0.113281 0.967708 0.0890625 0.0645833
16 0.910156 0.0427083 0.123438 0.0854167
16 0.803906 0.0479167 0.117188 0.0958333
9 0.252344 0.454167 0.0984375 0.170833
9 0.0679687 0.43125 0.117188 0.195833
19 0.873438 0.192708 0.1125 0.19375
8 0.755469 0.464583 0.0984375 0.191667
17 0.6 0.0489583 0.125 0.0979167
9 0.10625 0.608333 0.090625 0.154167
5 0.578125 0.209375 0.103125 0.189583
2 0.0546875 0.222917 0.109375 0.2125
3 0.434375 0.851042 0.1 0.16875
5 0.470313 0.208333 0.103125 0.195833
9 0.179688 0.636458 0.0875 0.15625
14 0.617188 0.851042 0.096875 0.202083
14 0.708594 0.857292 0.0984375 0.202083
18 0.854688 0.45 0.1125 0.195833
9 0.164062 0.442708 0.103125 0.18125
3 0.527344 0.85 0.104687 0.175
7 0.672656 0.233333 0.107813 0.220833
11 0.6125 0.648958 0.096875 0.160417
1 0.807813 0.644792 0.09375 0.164583
4 0.261719 0.220833 0.104687 0.220833
8 0.661719 0.482292 0.0953125 0.19375
9 0.346875 0.638542 0.0875 0.160417
7 0.771094 0.2375 0.110937 0.233333
4 0.360156 0.222917 0.104687 0.220833
9 0.363281 0.448958 0.0984375 0.177083
22 0.495313 0.0458333 0.103125 0.0916667
12 0.254687 0.8625 0.090625 0.1625
15 0.800781 0.86875 0.0921875 0.154167
22 0.395312 0.04375 0.103125 0.0875
2 0.164844 0.227083 0.101562 0.2
24 0.15625 0.852083 0.09375 0.175
0 0.526563 0.640625 0.0875 0.160417
11 0.714063 0.65625 0.09375 0.158333
0 0.436719 0.645833 0.0890625 0.1625
26 0.457812 0.454167 0.09375 0.175
26 0.555469 0.455208 0.0953125 0.177083
2 0.0109375 0.840625 0.021875 0.172917
13 0.01875 0.54375 0.0375 0.225
17 0.704687 0.0270833 0.11875 0.0541667
21 0.185156 0.0239583 0.107813 0.0479167
21 0.294531 0.0375 0.0953125 0.075
20 0.253906 0.653125 0.0921875 0.18125
12 0.283594 0.976042 0.0984375 0.0479167
24 0.09375 0.801042 0.09375 0.152083
17 0.68125 0.0583333 0.15625 0.116667
20 0.113281 0.967708 0.0890625 0.0645833
16 0.910156 0.0427083 0.123438 0.0854167
16 0.803906 0.0479167 0.117188 0.0958333
9 0.252344 0.454167 0.0984375 0.170833
9 0.0679687 0.43125 0.117188 0.195833
19 0.873438 0.192708 0.1125 0.19375
8 0.755469 0.464583 0.0984375 0.191667
17 0.6 0.0489583 0.125 0.0979167
9 0.10625 0.608333 0.090625 0.154167
5 0.578125 0.209375 0.103125 0.189583
2 0.0546875 0.222917 0.109375 0.2125
3 0.434375 0.851042 0.1 0.16875
5 0.470313 0.208333 0.103125 0.195833
9 0.179688 0.636458 0.0875 0.15625
14 0.617188 0.851042 0.096875 0.202083
14 0.708594 0.857292 0.0984375 0.202083
18 0.854688 0.45 0.1125 0.195833
9 0.164062 0.442708 0.103125 0.18125
3 0.527344 0.85 0.104687 0.175
7 0.672656 0.233333 0.107813 0.220833
11 0.6125 0.648958 0.096875 0.160417
1 0.807813 0.644792 0.09375 0.164583
4 0.261719 0.220833 0.104687 0.220833
8 0.661719 0.482292 0.0953125 0.19375
9 0.346875 0.638542 0.0875 0.160417
7 0.771094 0.2375 0.110937 0.233333
4 0.360156 0.222917 0.104687 0.220833
9 0.363281 0.448958 0.0984375 0.177083
22 0.495313 0.0458333 0.103125 0.0916667
12 0.254687 0.8625 0.090625 0.1625
15 0.800781 0.86875 0.0921875 0.154167
22 0.395312 0.04375 0.103125 0.0875
2 0.164844 0.227083 0.101562 0.2
24 0.15625 0.852083 0.09375 0.175
0 0.526563 0.640625 0.0875 0.160417
11 0.714063 0.65625 0.09375 0.158333
0 0.436719 0.645833 0.0890625 0.1625
26 0.457812 0.454167 0.09375 0.175
26 0.555469 0.455208 0.0953125 0.177083
2 0.0109375 0.840625 0.021875 0.172917
13 0.01875 0.54375 0.0375 0.225
21 0.185156 0.0239583 0.107813 0.0479167
21 0.294531 0.0375 0.0953125 0.075
20 0.253906 0.653125 0.0921875 0.18125
12 0.283594 0.976042 0.0984375 0.0479167
24 0.09375 0.801042 0.09375 0.152083
17 0.691406 0.0520833 0.132812 0.104167
20 0.113281 0.967708 0.0890625 0.0645833
16 0.910156 0.0427083 0.123438 0.0854167
16 0.803906 0.0479167 0.117188 0.0958333
9 0.252344 0.454167 0.0984375 0.170833
9 0.0679687 0.43125 0.117188 0.195833
19 0.873438 0.192708 0.1125 0.19375
8 0.755469 0.464583 0.0984375 0.191667
17 0.6 0.0489583 0.125 0.0979167
9 0.10625 0.608333 0.090625 0.154167
5 0.578125 0.209375 0.103125 0.189583
2 0.0546875 0.222917 0.109375 0.2125
3 0.434375 0.851042 0.1 0.16875
5 0.470313 0.208333 0.103125 0.195833
9 0.179688 0.636458 0.0875 0.15625
14 0.617188 0.851042 0.096875 0.202083
14 0.708594 0.857292 0.0984375 0.202083
18 0.854688 0.45 0.1125 0.195833
9 0.164062 0.442708 0.103125 0.18125
3 0.527344 0.85 0.104687 0.175
7 0.672656 0.233333 0.107813 0.220833
11 0.6125 0.648958 0.096875 0.160417
1 0.807813 0.644792 0.09375 0.164583
4 0.261719 0.220833 0.104687 0.220833
8 0.661719 0.482292 0.0953125 0.19375
9 0.346875 0.638542 0.0875 0.160417
7 0.771094 0.2375 0.110937 0.233333
4 0.360156 0.222917 0.104687 0.220833
9 0.363281 0.448958 0.0984375 0.177083
22 0.495313 0.0458333 0.103125 0.0916667
12 0.254687 0.8625 0.090625 0.1625
15 0.800781 0.86875 0.0921875 0.154167
22 0.395312 0.04375 0.103125 0.0875
2 0.164844 0.227083 0.101562 0.2
24 0.15625 0.852083 0.09375 0.175
0 0.526563 0.640625 0.0875 0.160417
11 0.714063 0.65625 0.09375 0.158333
0 0.436719 0.645833 0.0890625 0.1625
26 0.457812 0.454167 0.09375 0.175
26 0.555469 0.455208 0.0953125 0.177083
