4 0.91875 0.0364583 0.0875 0.0729167
15 0.986719 0.660417 0.0265625 0.158333
23 0.988281 0.0770833 0.0234375 0.154167
5 0.932031 0.648958 0.0953125 0.164583
2 0.960156 0.88125 0.0734375 0.15
7 0.969531 0.544792 0.0609375 0.197917
24 0.985156 0.954167 0.0296875 0.0916667
7 0.991406 0.742708 0.0171875 0.122917
23 0.95625 0.0916667 0.0875 0.183333
15 0.980469 0.709375 0.0390625 0.185417
22 0.078125 0.979167 0.08125 0.0416667
9 0.0304688 0.495833 0.0609375 0.220833
21 0.152344 0.06875 0.117188 0.1375
5 0.423438 0.260417 0.090625 0.175
5 0.51875 0.265625 0.1 0.185417
3 0.478906 0.880208 0.101562 0.16875
7 0.726562 0.273958 0.1125 0.21875
10 0.208594 0.694792 0.0890625 0.152083
8 0.682813 0.49375 0.1 0.1875
2 0.0328125 0.246875 0.065625 0.19375
3 0.390625 0.88125 0.109375 0.175
17 0.545313 0.06875 0.10625 0.1375
21 0.25 0.0729167 0.128125 0.145833
18 0.791406 0.4875 0.104687 0.183333
14 0.7125 0.877083 0.096875 0.191667
17 0.653906 0.071875 0.107813 0.14375
19 0.834375 0.278125 0.10625 0.185417
16 0.849219 0.0822917 0.110937 0.164583
3 0.567969 0.879167 0.0984375 0.166667
16 0.753906 0.078125 0.101562 0.15625
10 0.302344 0.695833 0.0890625 0.154167
8 0.5875 0.516667 0.09375 0.195833
9 0.0984375 0.489583 0.10625 0.183333
9 0.040625 0.679167 0.08125 0.1625
9 0.197656 0.488542 0.104687 0.18125
10 0.289844 0.5125 0.0953125 0.1625
12 0.307031 0.891667 0.0828125 0.15
24 0.128906 0.877083 0.0921875 0.166667
7 0.617188 0.283333 0.096875 0.204167
12 0.217187 0.892708 0.084375 0.152083
2 0.128125 0.248958 0.1 0.185417
4 0.223438 0.269792 0.1 0.202083
4 0.319531 0.273958 0.0984375 0.20625
15 0.802344 0.889583 0.0921875 0.154167
1 0.758594 0.683333 0.0921875 0.158333
24 0.0429688 0.873958 0.0859375 0.16875
9 0.121094 0.68125 0.0890625 0.154167
22 0.453125 0.06875 0.1 0.1375
0 0.395312 0.68125 0.0875 0.158333
22 0.351562 0.0677083 0.103125 0.135417
11 0.665625 0.688542 0.090625 0.152083
11 0.577344 0.686458 0.0890625 0.147917
0 0.4875 0.68125 0.0875 0.158333
26 0.491406 0.494792 0.0921875 0.16875
26 0.386719 0.496875 0.0953125 0.172917
18 0.9875 0.715625 0.025 0.210417
7 0.989844 0.0885417 0.0203125 0.16875
1 0.989062 0.876042 0.021875 0.19375
10 0.0304688 0.494792 0.0609375 0.197917
20 0.303125 0.690625 0.090625 0.172917
20 0.2875 0.504167 0.0875 0.166667
10 0.210156 0.692708 0.0890625 0.160417
9 0.1 0.489583 0.103125 0.179167
5 0.41875 0.260417 0.096875 0.183333
16 0.751562 0.075 0.10625 0.15
3 0.564062 0.880208 0.103125 0.16875
7 0.725 0.272917 0.10625 0.216667
18 0.794531 0.4875 0.101562 0.179167
3 0.48125 0.882292 0.1 0.164583
21 0.15 0.0666667 0.103125 0.133333
8 0.686719 0.5125 0.0921875 0.1875
14 0.714844 0.866667 0.0984375 0.195833
19 0.835938 0.267708 0.103125 0.18125
16 0.85 0.08125 0.109375 0.1625
3 0.391406 0.883333 0.101562 0.166667
2 0.0351562 0.246875 0.0703125 0.19375
5 0.517187 0.258333 0.096875 0.179167
9 0.0414063 0.677083 0.0828125 0.170833
9 0.196094 0.489583 0.101562 0.179167
17 0.646094 0.0708333 0.110937 0.141667
17 0.546875 0.0677083 0.109375 0.135417
1 0.755469 0.680208 0.0890625 0.15625
4 0.222656 0.270833 0.104687 0.2125
21 0.252344 0.0697917 0.117188 0.139583
24 0.128906 0.873958 0.0921875 0.16875
7 0.617969 0.284375 0.0984375 0.20625
8 0.591406 0.519792 0.0953125 0.197917
12 0.304688 0.8875 0.08125 0.15
4 0.319531 0.275 0.101562 0.2125
12 0.217187 0.889583 0.084375 0.154167
24 0.0421875 0.875 0.084375 0.166667
22 0.349219 0.0677083 0.101562 0.135417
15 0.802344 0.891667 0.0921875 0.15
22 0.453125 0.06875 0.103125 0.1375
2 0.128125 0.246875 0.1 0.189583
9 0.121875 0.679167 0.0875 0.154167
11 0.577344 0.686458 0.0859375 0.147917
0 0.4875 0.68125 0.084375 0.154167
11 0.666406 0.688542 0.0890625 0.152083
26 0.490625 0.492708 0.09375 0.16875
26 0.385938 0.496875 0.09375 0.172917
0 0.396094 0.679167 0.0859375 0.154167
1 0.989062 0.876042 0.021875 0.19375
10 0.0304688 0.494792 0.0609375 0.197917
20 0.303125 0.690625 0.090625 0.172917
20 0.2875 0.504167 0.0875 0.166667
10 0.210156 0.692708 0.0890625 0.160417
9 0.1 0.489583 0.103125 0.179167
5 0.41875 0.260417 0.096875 0.183333
16 0.751562 0.075 0.10625 0.15
3 0.564062 0.880208 0.103125 0.16875
7 0.725 0.272917 0.10625 0.216667
18 0.794531 0.4875 0.101562 0.179167
3 0.48125 0.882292 0.1 0.164583
21 0.15 0.0666667 0.103125 0.133333
8 0.686719 0.5125 0.0921875 0.1875
14 0.714844 0.866667 0.0984375 0.195833
19 0.835938 0.267708 0.103125 0.18125
16 0.85 0.08125 0.109375 0.1625
3 0.391406 0.883333 0.101562 0.166667
2 0.0351562 0.246875 0.0703125 0.19375
5 0.517187 0.258333 0.096875 0.179167
9 0.0414063 0.677083 0.0828125 0.170833
9 0.196094 0.489583 0.101562 0.179167
17 0.646094 0.0708333 0.110937 0.141667
17 0.546875 0.0677083 0.109375 0.135417
1 0.755469 0.680208 0.0890625 0.15625
4 0.222656 0.270833 0.104687 0.2125
21 0.252344 0.0697917 0.117188 0.139583
24 0.128906 0.873958 0.0921875 0.16875
7 0.617969 0.284375 0.0984375 0.20625
8 0.591406 0.519792 0.0953125 0.197917
12 0.304688 0.8875 0.08125 0.15
4 0.319531 0.275 0.101562 0.2125
12 0.217187 0.889583 0.084375 0.154167
24 0.0421875 0.875 0.084375 0.166667
22 0.349219 0.0677083 0.101562 0.135417
15 0.802344 0.891667 0.0921875 0.15
22 0.453125 0.06875 0.103125 0.1375
2 0.128125 0.246875 0.1 0.189583
9 0.121875 0.679167 0.0875 0.154167
11 0.577344 0.686458 0.0859375 0.147917
0 0.4875 0.68125 0.084375 0.154167
11 0.666406 0.688542 0.0890625 0.152083
26 0.490625 0.492708 0.09375 0.16875
26 0.385938 0.496875 0.09375 0.172917
0 0.396094 0.679167 0.0859375 0.154167
7 0.989844 0.0885417 0.0203125 0.16875
1 0.989062 0.876042 0.021875 0.19375
10 0.0304688 0.494792 0.0609375 0.197917
20 0.303125 0.690625 0.090625 0.172917
20 0.2875 0.504167 0.0875 0.166667
10 0.210156 0.692708 0.0890625 0.160417
9 0.1 0.489583 0.103125 0.179167
5 0.41875 0.260417 0.096875 0.183333
16 0.751562 0.075 0.10625 0.15
3 0.564062 0.880208 0.103125 0.16875
7 0.725 0.272917 0.10625 0.216667
18 0.794531 0.4875 0.101562 0.179167
3 0.48125 0.882292 0.1 0.164583
21 0.15 0.0666667 0.103125 0.133333
8 0.686719 0.5125 0.0921875 0.1875
14 0.714844 0.866667 0.0984375 0.195833
19 0.835938 0.267708 0.103125 0.18125
16 0.85 0.08125 0.109375 0.1625
3 0.391406 0.883333 0.101562 0.166667
2 0.0351562 0.246875 0.0703125 0.19375
5 0.517187 0.258333 0.096875 0.179167
9 0.0414063 0.677083 0.0828125 0.170833
9 0.196094 0.489583 0.101562 0.179167
17 0.646094 0.0708333 0.110937 0.141667
17 0.546875 0.0677083 0.109375 0.135417
1 0.755469 0.680208 0.0890625 0.15625
4 0.222656 0.270833 0.104687 0.2125
21 0.252344 0.0697917 0.117188 0.139583
24 0.128906 0.873958 0.0921875 0.16875
7 0.617969 0.284375 0.0984375 0.20625
8 0.591406 0.519792 0.0953125 0.197917
12 0.304688 0.8875 0.08125 0.15
4 0.319531 0.275 0.101562 0.2125
12 0.217187 0.889583 0.084375 0.154167
24 0.0421875 0.875 0.084375 0.166667
22 0.349219 0.0677083 0.101562 0.135417
15 0.802344 0.891667 0.0921875 0.15
22 0.453125 0.06875 0.103125 0.1375
2 0.128125 0.246875 0.1 0.189583
9 0.121875 0.679167 0.0875 0.154167
11 0.577344 0.686458 0.0859375 0.147917
0 0.4875 0.68125 0.084375 0.154167
11 0.666406 0.688542 0.0890625 0.152083
26 0.490625 0.492708 0.09375 0.16875
26 0.385938 0.496875 0.09375 0.172917
0 0.396094 0.679167 0.0859375 0.154167
7 0.989844 0.0885417 0.0203125 0.16875
1 0.989062 0.876042 0.021875 0.19375
10 0.0304688 0.494792 0.0609375 0.197917
20 0.303125 0.690625 0.090625 0.172917
20 0.2875 0.504167 0.0875 0.166667
10 0.210156 0.692708 0.0890625 0.160417
9 0.1 0.489583 0.103125 0.179167
5 0.41875 0.260417 0.096875 0.183333
16 0.751562 0.075 0.10625 0.15
3 0.564062 0.880208 0.103125 0.16875
7 0.725 0.272917 0.10625 0.216667
18 0.794531 0.4875 0.101562 0.179167
3 0.48125 0.882292 0.1 0.164583
21 0.15 0.0666667 0.103125 0.133333
8 0.686719 0.5125 0.0921875 0.1875
14 0.714844 0.866667 0.0984375 0.195833
19 0.835938 0.267708 0.103125 0.18125
16 0.85 0.08125 0.109375 0.1625
3 0.391406 0.883333 0.101562 0.166667
2 0.0351562 0.246875 0.0703125 0.19375
5 0.517187 0.258333 0.096875 0.179167
9 0.0414063 0.677083 0.0828125 0.170833
9 0.196094 0.489583 0.101562 0.179167
17 0.646094 0.0708333 0.110937 0.141667
17 0.546875 0.0677083 0.109375 0.135417
1 0.755469 0.680208 0.0890625 0.15625
4 0.222656 0.270833 0.104687 0.2125
21 0.252344 0.0697917 0.117188 0.139583
24 0.128906 0.873958 0.0921875 0.16875
7 0.617969 0.284375 0.0984375 0.20625
8 0.591406 0.519792 0.0953125 0.197917
12 0.304688 0.8875 0.08125 0.15
4 0.319531 0.275 0.101562 0.2125
12 0.217187 0.889583 0.084375 0.154167
24 0.0421875 0.875 0.084375 0.166667
22 0.349219 0.0677083 0.101562 0.135417
15 0.802344 0.891667 0.0921875 0.15
22 0.453125 0.06875 0.103125 0.1375
2 0.128125 0.246875 0.1 0.189583
9 0.121875 0.679167 0.0875 0.154167
11 0.577344 0.686458 0.0859375 0.147917
0 0.4875 0.68125 0.084375 0.154167
11 0.666406 0.688542 0.0890625 0.152083
26 0.490625 0.492708 0.09375 0.16875
26 0.385938 0.496875 0.09375 0.172917
0 0.396094 0.679167 0.0859375 0.154167
7 0.989844 0.0885417 0.0203125 0.16875
1 0.989062 0.876042 0.021875 0.19375
10 0.0304688 0.494792 0.0609375 0.197917
20 0.303125 0.690625 0.090625 0.172917
20 0.2875 0.504167 0.0875 0.166667
10 0.210156 0.692708 0.0890625 0.160417
9 0.1 0.489583 0.103125 0.179167
5 0.41875 0.260417 0.096875 0.183333
16 0.751562 0.075 0.10625 0.15
3 0.564062 0.880208 0.103125 0.16875
7 0.725 0.272917 0.10625 0.216667
18 0.794531 0.4875 0.101562 0.179167
3 0.48125 0.882292 0.1 0.164583
21 0.15 0.0666667 0.103125 0.133333
8 0.686719 0.5125 0.0921875 0.1875
14 0.714844 0.866667 0.0984375 0.195833
19 0.835938 0.267708 0.103125 0.18125
16 0.85 0.08125 0.109375 0.1625
3 0.391406 0.883333 0.101562 0.166667
2 0.0351562 0.246875 0.0703125 0.19375
5 0.517187 0.258333 0.096875 0.179167
9 0.0414063 0.677083 0.0828125 0.170833
9 0.196094 0.489583 0.101562 0.179167
17 0.646094 0.0708333 0.110937 0.141667
17 0.546875 0.0677083 0.109375 0.135417
1 0.755469 0.680208 0.0890625 0.15625
4 0.222656 0.270833 0.104687 0.2125
21 0.252344 0.0697917 0.117188 0.139583
24 0.128906 0.873958 0.0921875 0.16875
7 0.617969 0.284375 0.0984375 0.20625
8 0.591406 0.519792 0.0953125 0.197917
12 0.304688 0.8875 0.08125 0.15
4 0.319531 0.275 0.101562 0.2125
12 0.217187 0.889583 0.084375 0.154167
24 0.0421875 0.875 0.084375 0.166667
22 0.349219 0.0677083 0.101562 0.135417
15 0.802344 0.891667 0.0921875 0.15
22 0.453125 0.06875 0.103125 0.1375
2 0.128125 0.246875 0.1 0.189583
9 0.121875 0.679167 0.0875 0.154167
11 0.577344 0.686458 0.0859375 0.147917
0 0.4875 0.68125 0.084375 0.154167
11 0.666406 0.688542 0.0890625 0.152083
26 0.490625 0.492708 0.09375 0.16875
26 0.385938 0.496875 0.09375 0.172917
0 0.396094 0.679167 0.0859375 0.154167
7 0.969531 0.544792 0.0609375 0.197917
24 0.985156 0.954167 0.0296875 0.0916667
23 0.95625 0.0916667 0.0875 0.183333
15 0.980469 0.709375 0.0390625 0.185417
22 0.078125 0.979167 0.08125 0.0416667
21 0.151562 0.0666667 0.115625 0.133333
9 0.0304688 0.495833 0.0609375 0.220833
5 0.423438 0.260417 0.090625 0.175
5 0.51875 0.265625 0.1 0.185417
3 0.478906 0.880208 0.101562 0.16875
7 0.726562 0.273958 0.1125 0.21875
10 0.208594 0.694792 0.0890625 0.152083
8 0.682813 0.49375 0.1 0.1875
2 0.0328125 0.246875 0.065625 0.19375
3 0.390625 0.88125 0.109375 0.175
17 0.545313 0.06875 0.10625 0.1375
21 0.25 0.0729167 0.128125 0.145833
18 0.791406 0.4875 0.104687 0.183333
14 0.7125 0.877083 0.096875 0.191667
17 0.653906 0.071875 0.107813 0.14375
19 0.834375 0.278125 0.10625 0.185417
16 0.849219 0.0822917 0.110937 0.164583
3 0.567969 0.879167 0.0984375 0.166667
16 0.753906 0.078125 0.101562 0.15625
10 0.302344 0.695833 0.0890625 0.154167
8 0.5875 0.516667 0.09375 0.195833
9 0.0984375 0.489583 0.10625 0.183333
9 0.040625 0.679167 0.08125 0.1625
9 0.197656 0.488542 0.104687 0.18125
10 0.289844 0.5125 0.0953125 0.1625
12 0.307031 0.891667 0.0828125 0.15
24 0.128906 0.877083 0.0921875 0.166667
7 0.617188 0.283333 0.096875 0.204167
12 0.217187 0.892708 0.084375 0.152083
2 0.128125 0.248958 0.1 0.185417
4 0.223438 0.269792 0.1 0.202083
4 0.319531 0.273958 0.0984375 0.20625
15 0.802344 0.889583 0.0921875 0.154167
1 0.758594 0.683333 0.0921875 0.158333
24 0.0429688 0.873958 0.0859375 0.16875
9 0.121094 0.68125 0.0890625 0.154167
22 0.453125 0.06875 0.1 0.1375
0 0.395312 0.68125 0.0875 0.158333
22 0.351562 0.0677083 0.103125 0.135417
11 0.665625 0.688542 0.090625 0.152083
11 0.577344 0.686458 0.0890625 0.147917
0 0.4875 0.68125 0.0875 0.158333
26 0.491406 0.494792 0.0921875 0.16875
26 0.386719 0.496875 0.0953125 0.172917
18 0.989062 0.716667 0.021875 0.195833
20 0.302344 0.689583 0.0921875 0.170833
9 0.0289063 0.502083 0.0578125 0.204167
21 0.15 0.06875 0.1125 0.1375
10 0.210938 0.696875 0.090625 0.16875
21 0.25 0.071875 0.11875 0.14375
9 0.0992187 0.490625 0.107813 0.189583
2 0.0367187 0.25 0.0734375 0.208333
7 0.726562 0.282292 0.103125 0.214583
5 0.422656 0.2625 0.101562 0.1875
17 0.548437 0.0708333 0.10625 0.141667
5 0.517187 0.261458 0.1 0.18125
8 0.685156 0.517708 0.0953125 0.189583
18 0.792969 0.485417 0.101562 0.179167
3 0.56875 0.886458 0.1 0.164583
9 0.291406 0.5125 0.0953125 0.170833
3 0.482812 0.88125 0.1 0.170833
14 0.711719 0.875 0.0984375 0.195833
3 0.392969 0.878125 0.101562 0.16875
19 0.83125 0.270833 0.109375 0.1875
17 0.652344 0.0770833 0.107813 0.154167
16 0.753125 0.0791667 0.10625 0.158333
12 0.307031 0.889583 0.0828125 0.15
16 0.847656 0.0822917 0.104687 0.164583
8 0.589844 0.517708 0.0953125 0.197917
9 0.199219 0.488542 0.104687 0.185417
7 0.617969 0.283333 0.0984375 0.208333
2 0.127344 0.25 0.101562 0.183333
4 0.221875 0.270833 0.103125 0.2125
1 0.755469 0.684375 0.0890625 0.15625
9 0.0390625 0.680208 0.078125 0.15625
12 0.217969 0.890625 0.0828125 0.152083
4 0.320312 0.273958 0.1 0.210417
24 0.129688 0.875 0.09375 0.170833
24 0.04375 0.876042 0.084375 0.160417
15 0.800781 0.891667 0.0890625 0.15
22 0.454688 0.06875 0.103125 0.1375
22 0.353125 0.0666667 0.1 0.133333
9 0.121875 0.680208 0.0875 0.15625
11 0.577344 0.686458 0.0859375 0.147917
11 0.667188 0.688542 0.0875 0.147917
0 0.489062 0.68125 0.0875 0.154167
0 0.396094 0.679167 0.0890625 0.158333
26 0.492188 0.49375 0.09375 0.170833
26 0.385938 0.495833 0.09375 0.170833
1 0.989062 0.8875 0.021875 0.170833
9 0.0320312 0.511458 0.0640625 0.197917
15 0.923437 0.702083 0.13125 0.2125
10 0.3 0.696875 0.084375 0.15625
10 0.288281 0.510417 0.0953125 0.170833
20 0.209375 0.694792 0.084375 0.164583
3 0.571094 0.886458 0.104687 0.16875
3 0.391406 0.884375 0.101562 0.164583
7 0.722656 0.277083 0.110937 0.220833
5 0.422656 0.259375 0.101562 0.185417
2 0.034375 0.24375 0.06875 0.1875
16 0.848437 0.078125 0.10625 0.15625
19 0.833594 0.269792 0.107813 0.189583
9 0.1 0.48125 0.103125 0.183333
14 0.713281 0.871875 0.0953125 0.197917
5 0.514844 0.257292 0.101562 0.18125
3 0.476562 0.879167 0.103125 0.170833
16 0.751562 0.08125 0.1125 0.1625
4 0.223438 0.275 0.1 0.208333
21 0.146875 0.0645833 0.1 0.129167
21 0.249219 0.06875 0.107813 0.1375
17 0.546875 0.0625 0.096875 0.125
9 0.0390625 0.678125 0.078125 0.160417
4 0.319531 0.271875 0.104687 0.210417
24 0.0460938 0.870833 0.0859375 0.1625
17 0.65 0.065625 0.1 0.13125
7 0.617188 0.2875 0.1 0.2125
12 0.215625 0.890625 0.084375 0.152083
8 0.685938 0.516667 0.090625 0.183333
24 0.128906 0.878125 0.0890625 0.16875
8 0.592188 0.514583 0.0875 0.183333
9 0.195312 0.488542 0.1 0.18125
2 0.126563 0.246875 0.1 0.189583
18 0.789844 0.490625 0.0859375 0.15625
12 0.307031 0.889583 0.0796875 0.145833
1 0.75625 0.683333 0.090625 0.158333
22 0.351562 0.0677083 0.103125 0.135417
15 0.802344 0.891667 0.0890625 0.15
9 0.121875 0.678125 0.0875 0.15625
22 0.452344 0.06875 0.101562 0.1375
11 0.578125 0.686458 0.0875 0.152083
0 0.395312 0.68125 0.0875 0.158333
11 0.666406 0.688542 0.0890625 0.152083
26 0.385156 0.496875 0.0921875 0.172917
0 0.4875 0.68125 0.090625 0.158333
26 0.491406 0.49375 0.0921875 0.170833
6 0.877344 0.732292 0.110937 0.19375
3 0.982031 0.71875 0.0359375 0.216667
9 0.0304688 0.486458 0.0609375 0.20625
10 0.301562 0.698958 0.0875 0.164583
1 0.988281 0.878125 0.0234375 0.177083
9 0.290625 0.511458 0.090625 0.16875
10 0.210156 0.695833 0.0921875 0.170833
2 0.0351562 0.247917 0.0703125 0.2
7 0.725 0.28125 0.109375 0.216667
17 0.548437 0.0666667 0.103125 0.133333
3 0.567969 0.882292 0.104687 0.16875
5 0.41875 0.260417 0.1 0.1875
5 0.514844 0.260417 0.101562 0.1875
19 0.832031 0.266667 0.107813 0.1875
14 0.711719 0.873958 0.0953125 0.189583
17 0.649219 0.0708333 0.104687 0.120833
18 0.794531 0.486458 0.101562 0.185417
3 0.477344 0.88125 0.0953125 0.158333
7 0.615625 0.284375 0.1 0.21875
16 0.848437 0.0864583 0.103125 0.172917
16 0.751562 0.0822917 0.09375 0.164583
21 0.151562 0.0677083 0.1125 0.135417
21 0.248437 0.0697917 0.115625 0.139583
3 0.392969 0.875 0.0984375 0.166667
8 0.682813 0.519792 0.090625 0.189583
9 0.1 0.485417 0.103125 0.183333
4 0.222656 0.271875 0.101562 0.210417
8 0.588281 0.514583 0.0890625 0.183333
9 0.196094 0.489583 0.0984375 0.175
24 0.04375 0.875 0.0875 0.166667
12 0.214844 0.8875 0.0828125 0.154167
1 0.757031 0.682292 0.0890625 0.160417
9 0.0382813 0.680208 0.0765625 0.160417
24 0.130469 0.873958 0.0953125 0.172917
12 0.307813 0.889583 0.078125 0.145833
2 0.126563 0.244792 0.103125 0.197917
22 0.351562 0.0666667 0.103125 0.133333
22 0.453906 0.06875 0.101562 0.1375
15 0.802344 0.891667 0.0921875 0.154167
4 0.321094 0.272917 0.0984375 0.204167
11 0.576563 0.6875 0.084375 0.145833
9 0.121875 0.679167 0.0875 0.154167
11 0.667188 0.686458 0.090625 0.152083
0 0.395312 0.679167 0.0875 0.154167
0 0.4875 0.68125 0.0875 0.158333
26 0.385938 0.496875 0.09375 0.172917
26 0.492188 0.494792 0.09375 0.172917
6 0.877344 0.732292 0.110937 0.19375
3 0.982813 0.727083 0.034375 0.229167
9 0.0304688 0.486458 0.0609375 0.20625
10 0.301562 0.698958 0.0875 0.164583
1 0.988281 0.878125 0.0234375 0.177083
9 0.290625 0.511458 0.090625 0.16875
10 0.210156 0.695833 0.0921875 0.170833
2 0.0351562 0.247917 0.0703125 0.2
7 0.725 0.28125 0.109375 0.216667
17 0.548437 0.0666667 0.103125 0.133333
3 0.567969 0.882292 0.104687 0.16875
5 0.41875 0.260417 0.1 0.1875
5 0.514844 0.260417 0.101562 0.1875
19 0.832031 0.266667 0.107813 0.1875
14 0.711719 0.873958 0.0953125 0.189583
17 0.649219 0.0708333 0.104687 0.120833
18 0.794531 0.486458 0.101562 0.185417
3 0.477344 0.88125 0.0953125 0.158333
7 0.615625 0.284375 0.1 0.21875
16 0.848437 0.0864583 0.103125 0.172917
16 0.751562 0.0822917 0.09375 0.164583
21 0.151562 0.0677083 0.1125 0.135417
21 0.248437 0.0697917 0.115625 0.139583
3 0.392969 0.875 0.0984375 0.166667
8 0.682813 0.519792 0.090625 0.189583
9 0.1 0.485417 0.103125 0.183333
4 0.222656 0.271875 0.101562 0.210417
8 0.588281 0.514583 0.0890625 0.183333
9 0.196094 0.489583 0.0984375 0.175
24 0.04375 0.875 0.0875 0.166667
12 0.214844 0.8875 0.0828125 0.154167
1 0.757031 0.682292 0.0890625 0.160417
9 0.0382813 0.680208 0.0765625 0.160417
24 0.130469 0.873958 0.0953125 0.172917
12 0.307813 0.889583 0.078125 0.145833
2 0.126563 0.244792 0.103125 0.197917
22 0.351562 0.0666667 0.103125 0.133333
22 0.453906 0.06875 0.101562 0.1375
15 0.802344 0.891667 0.0921875 0.154167
4 0.321094 0.272917 0.0984375 0.204167
11 0.576563 0.6875 0.084375 0.145833
9 0.121875 0.679167 0.0875 0.154167
11 0.667188 0.686458 0.090625 0.152083
0 0.395312 0.679167 0.0875 0.154167
0 0.4875 0.68125 0.0875 0.158333
26 0.385938 0.496875 0.09375 0.172917
26 0.492188 0.494792 0.09375 0.172917
7 0.989844 0.0885417 0.0203125 0.16875
1 0.989062 0.876042 0.021875 0.19375
10 0.0304688 0.494792 0.0609375 0.197917
20 0.303125 0.690625 0.090625 0.172917
20 0.2875 0.504167 0.0875 0.166667
10 0.210156 0.692708 0.0890625 0.160417
9 0.1 0.489583 0.103125 0.179167
5 0.41875 0.260417 0.096875 0.183333
16 0.751562 0.075 0.10625 0.15
3 0.564062 0.880208 0.103125 0.16875
7 0.725 0.272917 0.10625 0.216667
18 0.794531 0.4875 0.101562 0.179167
3 0.48125 0.882292 0.1 0.164583
21 0.15 0.0666667 0.103125 0.133333
8 0.686719 0.5125 0.0921875 0.1875
14 0.714844 0.866667 0.0984375 0.195833
19 0.835938 0.267708 0.103125 0.18125
16 0.85 0.08125 0.109375 0.1625
3 0.391406 0.883333 0.101562 0.166667
2 0.0351562 0.246875 0.0703125 0.19375
5 0.517187 0.258333 0.096875 0.179167
9 0.0414063 0.677083 0.0828125 0.170833
9 0.196094 0.489583 0.101562 0.179167
17 0.646094 0.0708333 0.110937 0.141667
17 0.546875 0.0677083 0.109375 0.135417
1 0.755469 0.680208 0.0890625 0.15625
4 0.222656 0.270833 0.104687 0.2125
21 0.252344 0.0697917 0.117188 0.139583
24 0.128906 0.873958 0.0921875 0.16875
7 0.617969 0.284375 0.0984375 0.20625
8 0.591406 0.519792 0.0953125 0.197917
12 0.304688 0.8875 0.08125 0.15
4 0.319531 0.275 0.101562 0.2125
12 0.217187 0.889583 0.084375 0.154167
24 0.0421875 0.875 0.084375 0.166667
22 0.349219 0.0677083 0.101562 0.135417
15 0.802344 0.891667 0.0921875 0.15
22 0.453125 0.06875 0.103125 0.1375
2 0.128125 0.246875 0.1 0.189583
9 0.121875 0.679167 0.0875 0.154167
11 0.577344 0.686458 0.0859375 0.147917
0 0.4875 0.68125 0.084375 0.154167
11 0.666406 0.688542 0.0890625 0.152083
26 0.490625 0.492708 0.09375 0.16875
26 0.385938 0.496875 0.09375 0.172917
0 0.396094 0.679167 0.0859375 0.154167
1 0.989062 0.876042 0.021875 0.19375
10 0.0304688 0.494792 0.0609375 0.197917
20 0.303125 0.690625 0.090625 0.172917
20 0.2875 0.504167 0.0875 0.166667
10 0.210156 0.692708 0.0890625 0.160417
9 0.1 0.489583 0.103125 0.179167
5 0.41875 0.260417 0.096875 0.183333
16 0.751562 0.075 0.10625 0.15
3 0.564062 0.880208 0.103125 0.16875
7 0.725 0.272917 0.10625 0.216667
18 0.794531 0.4875 0.101562 0.179167
3 0.48125 0.882292 0.1 0.164583
21 0.15 0.0666667 0.103125 0.133333
8 0.686719 0.5125 0.0921875 0.1875
14 0.714844 0.866667 0.0984375 0.195833
19 0.835938 0.267708 0.103125 0.18125
16 0.85 0.08125 0.109375 0.1625
3 0.391406 0.883333 0.101562 0.166667
2 0.0351562 0.246875 0.0703125 0.19375
5 0.517187 0.258333 0.096875 0.179167
9 0.0414063 0.677083 0.0828125 0.170833
9 0.196094 0.489583 0.101562 0.179167
17 0.646094 0.0708333 0.110937 0.141667
17 0.546875 0.0677083 0.109375 0.135417
1 0.755469 0.680208 0.0890625 0.15625
4 0.222656 0.270833 0.104687 0.2125
21 0.252344 0.0697917 0.117188 0.139583
24 0.128906 0.873958 0.0921875 0.16875
7 0.617969 0.284375 0.0984375 0.20625
8 0.591406 0.519792 0.0953125 0.197917
12 0.304688 0.8875 0.08125 0.15
4 0.319531 0.275 0.101562 0.2125
12 0.217187 0.889583 0.084375 0.154167
24 0.0421875 0.875 0.084375 0.166667
22 0.349219 0.0677083 0.101562 0.135417
15 0.802344 0.891667 0.0921875 0.15
22 0.453125 0.06875 0.103125 0.1375
2 0.128125 0.246875 0.1 0.189583
9 0.121875 0.679167 0.0875 0.154167
11 0.577344 0.686458 0.0859375 0.147917
0 0.4875 0.68125 0.084375 0.154167
11 0.666406 0.688542 0.0890625 0.152083
26 0.490625 0.492708 0.09375 0.16875
26 0.385938 0.496875 0.09375 0.172917
0 0.396094 0.679167 0.0859375 0.154167
7 0.989844 0.0885417 0.0203125 0.16875
1 0.989062 0.876042 0.021875 0.19375
10 0.0304688 0.494792 0.0609375 0.197917
20 0.303125 0.690625 0.090625 0.172917
20 0.2875 0.504167 0.0875 0.166667
10 0.210156 0.692708 0.0890625 0.160417
9 0.1 0.489583 0.103125 0.179167
5 0.41875 0.260417 0.096875 0.183333
16 0.751562 0.075 0.10625 0.15
3 0.564062 0.880208 0.103125 0.16875
7 0.725 0.272917 0.10625 0.216667
18 0.794531 0.4875 0.101562 0.179167
3 0.48125 0.882292 0.1 0.164583
21 0.15 0.0666667 0.103125 0.133333
8 0.686719 0.5125 0.0921875 0.1875
14 0.714844 0.866667 0.0984375 0.195833
19 0.835938 0.267708 0.103125 0.18125
16 0.85 0.08125 0.109375 0.1625
3 0.391406 0.883333 0.101562 0.166667
2 0.0351562 0.246875 0.0703125 0.19375
5 0.517187 0.258333 0.096875 0.179167
9 0.0414063 0.677083 0.0828125 0.170833
9 0.196094 0.489583 0.101562 0.179167
17 0.646094 0.0708333 0.110937 0.141667
17 0.546875 0.0677083 0.109375 0.135417
1 0.755469 0.680208 0.0890625 0.15625
4 0.222656 0.270833 0.104687 0.2125
21 0.252344 0.0697917 0.117188 0.139583
24 0.128906 0.873958 0.0921875 0.16875
7 0.617969 0.284375 0.0984375 0.20625
8 0.591406 0.519792 0.0953125 0.197917
12 0.304688 0.8875 0.08125 0.15
4 0.319531 0.275 0.101562 0.2125
12 0.217187 0.889583 0.084375 0.154167
24 0.0421875 0.875 0.084375 0.166667
22 0.349219 0.0677083 0.101562 0.135417
15 0.802344 0.891667 0.0921875 0.15
22 0.453125 0.06875 0.103125 0.1375
2 0.128125 0.246875 0.1 0.189583
9 0.121875 0.679167 0.0875 0.154167
11 0.577344 0.686458 0.0859375 0.147917
0 0.4875 0.68125 0.084375 0.154167
11 0.666406 0.688542 0.0890625 0.152083
26 0.490625 0.492708 0.09375 0.16875
26 0.385938 0.496875 0.09375 0.172917
0 0.396094 0.679167 0.0859375 0.154167
7 0.989844 0.0885417 0.0203125 0.16875
1 0.989062 0.876042 0.021875 0.19375
10 0.0304688 0.494792 0.0609375 0.197917
20 0.303125 0.690625 0.090625 0.172917
20 0.2875 0.504167 0.0875 0.166667
10 0.210156 0.692708 0.0890625 0.160417
9 0.1 0.489583 0.103125 0.179167
5 0.41875 0.260417 0.096875 0.183333
16 0.751562 0.075 0.10625 0.15
3 0.564062 0.880208 0.103125 0.16875
7 0.725 0.272917 0.10625 0.216667
18 0.794531 0.4875 0.101562 0.179167
3 0.48125 0.882292 0.1 0.164583
21 0.15 0.0666667 0.103125 0.133333
8 0.686719 0.5125 0.0921875 0.1875
14 0.714844 0.866667 0.0984375 0.195833
19 0.835938 0.267708 0.103125 0.18125
16 0.85 0.08125 0.109375 0.1625
3 0.391406 0.883333 0.101562 0.166667
2 0.0351562 0.246875 0.0703125 0.19375
5 0.517187 0.258333 0.096875 0.179167
9 0.0414063 0.677083 0.0828125 0.170833
9 0.196094 0.489583 0.101562 0.179167
17 0.646094 0.0708333 0.110937 0.141667
17 0.546875 0.0677083 0.109375 0.135417
1 0.755469 0.680208 0.0890625 0.15625
4 0.222656 0.270833 0.104687 0.2125
21 0.252344 0.0697917 0.117188 0.139583
24 0.128906 0.873958 0.0921875 0.16875
7 0.617969 0.284375 0.0984375 0.20625
8 0.591406 0.519792 0.0953125 0.197917
12 0.304688 0.8875 0.08125 0.15
4 0.319531 0.275 0.101562 0.2125
12 0.217187 0.889583 0.084375 0.154167
24 0.0421875 0.875 0.084375 0.166667
22 0.349219 0.0677083 0.101562 0.135417
15 0.802344 0.891667 0.0921875 0.15
22 0.453125 0.06875 0.103125 0.1375
2 0.128125 0.246875 0.1 0.189583
9 0.121875 0.679167 0.0875 0.154167
11 0.577344 0.686458 0.0859375 0.147917
0 0.4875 0.68125 0.084375 0.154167
11 0.666406 0.688542 0.0890625 0.152083
26 0.490625 0.492708 0.09375 0.16875
26 0.385938 0.496875 0.09375 0.172917
0 0.396094 0.679167 0.0859375 0.154167
7 0.989844 0.0885417 0.0203125 0.16875
1 0.989062 0.876042 0.021875 0.19375
10 0.0304688 0.494792 0.0609375 0.197917
20 0.303125 0.690625 0.090625 0.172917
20 0.2875 0.504167 0.0875 0.166667
10 0.210156 0.692708 0.0890625 0.160417
9 0.1 0.489583 0.103125 0.179167
5 0.41875 0.260417 0.096875 0.183333
16 0.751562 0.075 0.10625 0.15
3 0.564062 0.880208 0.103125 0.16875
7 0.725 0.272917 0.10625 0.216667
18 0.794531 0.4875 0.101562 0.179167
3 0.48125 0.882292 0.1 0.164583
21 0.15 0.0666667 0.103125 0.133333
8 0.686719 0.5125 0.0921875 0.1875
14 0.714844 0.866667 0.0984375 0.195833
19 0.835938 0.267708 0.103125 0.18125
16 0.85 0.08125 0.109375 0.1625
3 0.391406 0.883333 0.101562 0.166667
2 0.0351562 0.246875 0.0703125 0.19375
5 0.517187 0.258333 0.096875 0.179167
9 0.0414063 0.677083 0.0828125 0.170833
9 0.196094 0.489583 0.101562 0.179167
17 0.646094 0.0708333 0.110937 0.141667
17 0.546875 0.0677083 0.109375 0.135417
1 0.755469 0.680208 0.0890625 0.15625
4 0.222656 0.270833 0.104687 0.2125
21 0.252344 0.0697917 0.117188 0.139583
24 0.128906 0.873958 0.0921875 0.16875
7 0.617969 0.284375 0.0984375 0.20625
8 0.591406 0.519792 0.0953125 0.197917
12 0.304688 0.8875 0.08125 0.15
4 0.319531 0.275 0.101562 0.2125
12 0.217187 0.889583 0.084375 0.154167
24 0.0421875 0.875 0.084375 0.166667
22 0.349219 0.0677083 0.101562 0.135417
15 0.802344 0.891667 0.0921875 0.15
22 0.453125 0.06875 0.103125 0.1375
2 0.128125 0.246875 0.1 0.189583
9 0.121875 0.679167 0.0875 0.154167
11 0.577344 0.686458 0.0859375 0.147917
0 0.4875 0.68125 0.084375 0.154167
11 0.666406 0.688542 0.0890625 0.152083
26 0.490625 0.492708 0.09375 0.16875
26 0.385938 0.496875 0.09375 0.172917
0 0.396094 0.679167 0.0859375 0.154167
7 0.989844 0.0885417 0.0203125 0.16875
1 0.989062 0.876042 0.021875 0.19375
10 0.0304688 0.494792 0.0609375 0.197917
20 0.303125 0.690625 0.090625 0.172917
20 0.2875 0.504167 0.0875 0.166667
10 0.210156 0.692708 0.0890625 0.160417
9 0.1 0.489583 0.103125 0.179167
5 0.41875 0.260417 0.096875 0.183333
16 0.751562 0.075 0.10625 0.15
3 0.564062 0.880208 0.103125 0.16875
7 0.725 0.272917 0.10625 0.216667
18 0.794531 0.4875 0.101562 0.179167
3 0.48125 0.882292 0.1 0.164583
21 0.15 0.0666667 0.103125 0.133333
8 0.686719 0.5125 0.0921875 0.1875
14 0.714844 0.866667 0.0984375 0.195833
19 0.835938 0.267708 0.103125 0.18125
16 0.85 0.08125 0.109375 0.1625
3 0.391406 0.883333 0.101562 0.166667
2 0.0351562 0.246875 0.0703125 0.19375
5 0.517187 0.258333 0.096875 0.179167
9 0.0414063 0.677083 0.0828125 0.170833
9 0.196094 0.489583 0.101562 0.179167
17 0.646094 0.0708333 0.110937 0.141667
17 0.546875 0.0677083 0.109375 0.135417
1 0.755469 0.680208 0.0890625 0.15625
4 0.222656 0.270833 0.104687 0.2125
21 0.252344 0.0697917 0.117188 0.139583
24 0.128906 0.873958 0.0921875 0.16875
7 0.617969 0.284375 0.0984375 0.20625
8 0.591406 0.519792 0.0953125 0.197917
12 0.304688 0.8875 0.08125 0.15
4 0.319531 0.275 0.101562 0.2125
12 0.217187 0.889583 0.084375 0.154167
24 0.0421875 0.875 0.084375 0.166667
22 0.349219 0.0677083 0.101562 0.135417
15 0.802344 0.891667 0.0921875 0.15
22 0.453125 0.06875 0.103125 0.1375
2 0.128125 0.246875 0.1 0.189583
9 0.121875 0.679167 0.0875 0.154167
11 0.577344 0.686458 0.0859375 0.147917
0 0.4875 0.68125 0.084375 0.154167
11 0.666406 0.688542 0.0890625 0.152083
26 0.490625 0.492708 0.09375 0.16875
26 0.385938 0.496875 0.09375 0.172917
0 0.396094 0.679167 0.0859375 0.154167
7 0.989844 0.0885417 0.0203125 0.16875
1 0.989062 0.876042 0.021875 0.19375
10 0.0304688 0.494792 0.0609375 0.197917
20 0.303125 0.690625 0.090625 0.172917
20 0.2875 0.504167 0.0875 0.166667
10 0.210156 0.692708 0.0890625 0.160417
9 0.1 0.489583 0.103125 0.179167
5 0.41875 0.260417 0.096875 0.183333
16 0.751562 0.075 0.10625 0.15
3 0.564062 0.880208 0.103125 0.16875
7 0.725 0.272917 0.10625 0.216667
18 0.794531 0.4875 0.101562 0.179167
3 0.48125 0.882292 0.1 0.164583
21 0.15 0.0666667 0.103125 0.133333
8 0.686719 0.5125 0.0921875 0.1875
14 0.714844 0.866667 0.0984375 0.195833
19 0.835938 0.267708 0.103125 0.18125
16 0.85 0.08125 0.109375 0.1625
3 0.391406 0.883333 0.101562 0.166667
2 0.0351562 0.246875 0.0703125 0.19375
5 0.517187 0.258333 0.096875 0.179167
9 0.0414063 0.677083 0.0828125 0.170833
9 0.196094 0.489583 0.101562 0.179167
17 0.646094 0.0708333 0.110937 0.141667
17 0.546875 0.0677083 0.109375 0.135417
1 0.755469 0.680208 0.0890625 0.15625
4 0.222656 0.270833 0.104687 0.2125
21 0.252344 0.0697917 0.117188 0.139583
24 0.128906 0.873958 0.0921875 0.16875
7 0.617969 0.284375 0.0984375 0.20625
8 0.591406 0.519792 0.0953125 0.197917
12 0.304688 0.8875 0.08125 0.15
4 0.319531 0.275 0.101562 0.2125
12 0.217187 0.889583 0.084375 0.154167
24 0.0421875 0.875 0.084375 0.166667
22 0.349219 0.0677083 0.101562 0.135417
15 0.802344 0.891667 0.0921875 0.15
22 0.453125 0.06875 0.103125 0.1375
2 0.128125 0.246875 0.1 0.189583
9 0.121875 0.679167 0.0875 0.154167
11 0.577344 0.686458 0.0859375 0.147917
0 0.4875 0.68125 0.084375 0.154167
11 0.666406 0.688542 0.0890625 0.152083
26 0.490625 0.492708 0.09375 0.16875
26 0.385938 0.496875 0.09375 0.172917
0 0.396094 0.679167 0.0859375 0.154167
7 0.989844 0.0885417 0.0203125 0.16875
1 0.989062 0.876042 0.021875 0.19375
10 0.0304688 0.494792 0.0609375 0.197917
20 0.303125 0.690625 0.090625 0.172917
20 0.2875 0.504167 0.0875 0.166667
10 0.210156 0.692708 0.0890625 0.160417
9 0.1 0.489583 0.103125 0.179167
5 0.41875 0.260417 0.096875 0.183333
16 0.751562 0.075 0.10625 0.15
3 0.564062 0.880208 0.103125 0.16875
7 0.725 0.272917 0.10625 0.216667
18 0.794531 0.4875 0.101562 0.179167
3 0.48125 0.882292 0.1 0.164583
21 0.15 0.0666667 0.103125 0.133333
8 0.686719 0.5125 0.0921875 0.1875
14 0.714844 0.866667 0.0984375 0.195833
19 0.835938 0.267708 0.103125 0.18125
16 0.85 0.08125 0.109375 0.1625
3 0.391406 0.883333 0.101562 0.166667
2 0.0351562 0.246875 0.0703125 0.19375
5 0.517187 0.258333 0.096875 0.179167
9 0.0414063 0.677083 0.0828125 0.170833
9 0.196094 0.489583 0.101562 0.179167
17 0.646094 0.0708333 0.110937 0.141667
17 0.546875 0.0677083 0.109375 0.135417
1 0.755469 0.680208 0.0890625 0.15625
4 0.222656 0.270833 0.104687 0.2125
21 0.252344 0.0697917 0.117188 0.139583
24 0.128906 0.873958 0.0921875 0.16875
7 0.617969 0.284375 0.0984375 0.20625
8 0.591406 0.519792 0.0953125 0.197917
12 0.304688 0.8875 0.08125 0.15
4 0.319531 0.275 0.101562 0.2125
12 0.217187 0.889583 0.084375 0.154167
24 0.0421875 0.875 0.084375 0.166667
22 0.349219 0.0677083 0.101562 0.135417
15 0.802344 0.891667 0.0921875 0.15
22 0.453125 0.06875 0.103125 0.1375
2 0.128125 0.246875 0.1 0.189583
9 0.121875 0.679167 0.0875 0.154167
11 0.577344 0.686458 0.0859375 0.147917
0 0.4875 0.68125 0.084375 0.154167
11 0.666406 0.688542 0.0890625 0.152083
26 0.490625 0.492708 0.09375 0.16875
26 0.385938 0.496875 0.09375 0.172917
0 0.396094 0.679167 0.0859375 0.154167
