21 0.132031 0.05 0.110937 0.1
25 0.025 0.117708 0.05 0.20625
14 0.94375 0.951042 0.078125 0.0979167
4 0.0328125 0.289583 0.065625 0.208333
21 0.317969 0.0604167 0.110937 0.120833
25 0.0132813 0.0927083 0.0265625 0.147917
10 0.366406 0.657292 0.0828125 0.14375
9 0.184375 0.460417 0.103125 0.170833
9 0.254687 0.951042 0.0875 0.0979167
4 0.103906 0.260417 0.0921875 0.175
17 0.69375 0.053125 0.125 0.10625
9 0.271094 0.460417 0.0984375 0.170833
17 0.8 0.05 0.115625 0.1
8 0.736719 0.477083 0.0984375 0.195833
16 0.973437 0.0458333 0.053125 0.0916667
5 0.66875 0.234375 0.103125 0.189583
14 0.499219 0.969792 0.0859375 0.0604167
5 0.566406 0.2375 0.0984375 0.183333
8 0.8375 0.46875 0.103125 0.2
11 0.724219 0.655208 0.107813 0.18125
11 0.81875 0.665625 0.1 0.164583
16 0.914844 0.0583333 0.110937 0.116667
14 0.866406 0.859375 0.107813 0.20625
10 0.453125 0.661458 0.084375 0.147917
15 0.953125 0.878125 0.09375 0.177083
10 0.442187 0.486458 0.0875 0.152083
21 0.407031 0.0625 0.120312 0.125
18 0.952344 0.458333 0.0953125 0.1875
4 0.474219 0.253125 0.0921875 0.19375
12 0.420312 0.967708 0.084375 0.0645833
9 0.357812 0.459375 0.09375 0.16875
7 0.884375 0.241667 0.10625 0.216667
4 0.382031 0.252083 0.0953125 0.2
2 0.129688 0.810417 0.078125 0.154167
2 0.209375 0.235417 0.084375 0.158333
19 0.974219 0.235417 0.0515625 0.158333
2 0.0523437 0.808333 0.0828125 0.154167
24 0.285156 0.830208 0.0859375 0.160417
9 0.20625 0.639583 0.0875 0.15
24 0.207813 0.823958 0.08125 0.15625
3 0.535937 0.838542 0.096875 0.164583
12 0.370313 0.844792 0.078125 0.139583
1 0.917188 0.657292 0.096875 0.16875
7 0.770312 0.253125 0.103125 0.214583
12 0.336719 0.965625 0.0828125 0.06875
2 0.295312 0.235417 0.0875 0.1625
12 0.45625 0.848958 0.078125 0.14375
3 0.625781 0.847917 0.0953125 0.166667
0 0.633594 0.65 0.0890625 0.1625
0 0.541406 0.647917 0.0859375 0.154167
3 0.714844 0.852083 0.0953125 0.166667
9 0.2875 0.640625 0.08125 0.14375
22 0.6 0.05625 0.10625 0.1125
22 0.50625 0.0572917 0.096875 0.114583
26 0.532812 0.466667 0.090625 0.166667
26 0.638281 0.463542 0.0953125 0.172917
17 0.741406 0.0625 0.154687 0.125
20 0.678906 0.961458 0.117188 0.0770833
17 0.777344 0.122917 0.148438 0.245833
20 0.407813 0.666667 0.1 0.175
22 0.194531 0.028125 0.135937 0.05625
7 0.761719 0.970833 0.110937 0.0583333
26 0.0796875 0.0322917 0.15625 0.0645833
3 0.628906 0.75 0.101562 0.304167
17 0.124219 0.947917 0.0828125 0.0875
20 0.440625 0.484375 0.0875 0.164583
16 0.975 0.046875 0.05 0.09375
4 0.0328125 0.271875 0.065625 0.210417
14 0.500781 0.969792 0.0890625 0.0604167
17 0.801562 0.0552083 0.13125 0.110417
20 0.253125 0.954167 0.084375 0.0916667
17 0.69375 0.0489583 0.11875 0.0979167
20 0.36875 0.6625 0.08125 0.158333
4 0.104687 0.270833 0.09375 0.1875
9 0.182812 0.457292 0.1 0.16875
19 0.972656 0.21875 0.0546875 0.179167
20 0.452344 0.659375 0.0828125 0.160417
16 0.913281 0.053125 0.107813 0.10625
8 0.840625 0.484375 0.1 0.197917
5 0.660156 0.225 0.104687 0.1875
5 0.564844 0.226042 0.0984375 0.18125
7 0.884375 0.233333 0.1125 0.225
12 0.414062 0.967708 0.084375 0.0645833
14 0.867188 0.854167 0.10625 0.2125
2 0.128125 0.811458 0.078125 0.15625
15 0.952344 0.875 0.0953125 0.179167
18 0.95 0.454167 0.1 0.191667
12 0.367969 0.841667 0.0765625 0.141667
21 0.403906 0.0604167 0.110937 0.120833
9 0.267188 0.457292 0.09375 0.164583
2 0.0523437 0.808333 0.0828125 0.158333
8 0.738281 0.488542 0.0953125 0.19375
21 0.317187 0.0614583 0.1 0.122917
9 0.35625 0.460417 0.09375 0.166667
11 0.819531 0.660417 0.0953125 0.1625
12 0.333594 0.964583 0.0828125 0.0708333
2 0.207813 0.235417 0.08125 0.154167
1 0.915625 0.657292 0.1 0.172917
4 0.474219 0.25 0.0984375 0.2
9 0.20625 0.640625 0.084375 0.147917
12 0.45625 0.848958 0.075 0.139583
24 0.207031 0.825 0.0828125 0.158333
24 0.285937 0.829167 0.084375 0.158333
7 0.76875 0.252083 0.103125 0.225
3 0.624219 0.848958 0.0984375 0.164583
3 0.535937 0.8375 0.096875 0.166667
2 0.295312 0.234375 0.084375 0.160417
3 0.714063 0.851042 0.103125 0.172917
4 0.382812 0.252083 0.09375 0.191667
11 0.725 0.657292 0.090625 0.15625
9 0.2875 0.640625 0.08125 0.14375
22 0.6 0.0552083 0.1 0.110417
22 0.507031 0.0572917 0.0984375 0.114583
0 0.632812 0.65 0.0875 0.158333
0 0.542188 0.646875 0.084375 0.152083
26 0.6375 0.464583 0.09375 0.170833
26 0.533594 0.466667 0.0921875 0.170833
3 0.628906 0.75 0.101562 0.304167
17 0.124219 0.947917 0.0828125 0.0875
20 0.440625 0.484375 0.0875 0.164583
16 0.975 0.046875 0.05 0.09375
4 0.0328125 0.271875 0.065625 0.210417
14 0.500781 0.969792 0.0890625 0.0604167
17 0.801562 0.0552083 0.13125 0.110417
20 0.253125 0.954167 0.084375 0.0916667
17 0.69375 0.0489583 0.11875 0.0979167
20 0.36875 0.6625 0.08125 0.158333
4 0.104687 0.270833 0.09375 0.1875
9 0.182812 0.457292 0.1 0.16875
19 0.972656 0.21875 0.0546875 0.179167
20 0.452344 0.659375 0.0828125 0.160417
16 0.913281 0.053125 0.107813 0.10625
8 0.840625 0.484375 0.1 0.197917
5 0.660156 0.225 0.104687 0.1875
5 0.564844 0.226042 0.0984375 0.18125
7 0.884375 0.233333 0.1125 0.225
12 0.414062 0.967708 0.084375 0.0645833
14 0.867188 0.854167 0.10625 0.2125
2 0.128125 0.811458 0.078125 0.15625
15 0.952344 0.875 0.0953125 0.179167
18 0.95 0.454167 0.1 0.191667
12 0.367969 0.841667 0.0765625 0.141667
21 0.403906 0.0604167 0.110937 0.120833
9 0.267188 0.457292 0.09375 0.164583
2 0.0523437 0.808333 0.0828125 0.158333
8 0.738281 0.488542 0.0953125 0.19375
21 0.317187 0.0614583 0.1 0.122917
9 0.35625 0.460417 0.09375 0.166667
11 0.819531 0.660417 0.0953125 0.1625
12 0.333594 0.964583 0.0828125 0.0708333
2 0.207813 0.235417 0.08125 0.154167
1 0.915625 0.657292 0.1 0.172917
4 0.474219 0.25 0.0984375 0.2
9 0.20625 0.640625 0.084375 0.147917
12 0.45625 0.848958 0.075 0.139583
24 0.207031 0.825 0.0828125 0.158333
24 0.285937 0.829167 0.084375 0.158333
7 0.76875 0.252083 0.103125 0.225
3 0.624219 0.848958 0.0984375 0.164583
3 0.535937 0.8375 0.096875 0.166667
2 0.295312 0.234375 0.084375 0.160417
3 0.714063 0.851042 0.103125 0.172917
4 0.382812 0.252083 0.09375 0.191667
11 0.725 0.657292 0.090625 0.15625
9 0.2875 0.640625 0.08125 0.14375
22 0.6 0.0552083 0.1 0.110417
22 0.507031 0.0572917 0.0984375 0.114583
0 0.632812 0.65 0.0875 0.158333
0 0.542188 0.646875 0.084375 0.152083
26 0.6375 0.464583 0.09375 0.170833
26 0.533594 0.466667 0.0921875 0.170833
22 0.194531 0.028125 0.135937 0.05625
7 0.761719 0.970833 0.110937 0.0583333
26 0.0796875 0.0322917 0.15625 0.0645833
3 0.628906 0.75 0.101562 0.304167
17 0.124219 0.947917 0.0828125 0.0875
20 0.440625 0.484375 0.0875 0.164583
16 0.975 0.046875 0.05 0.09375
4 0.0328125 0.271875 0.065625 0.210417
14 0.500781 0.969792 0.0890625 0.0604167
17 0.801562 0.0552083 0.13125 0.110417
20 0.253125 0.954167 0.084375 0.0916667
17 0.69375 0.0489583 0.11875 0.0979167
20 0.36875 0.6625 0.08125 0.158333
4 0.104687 0.270833 0.09375 0.1875
9 0.182812 0.457292 0.1 0.16875
19 0.972656 0.21875 0.0546875 0.179167
20 0.452344 0.659375 0.0828125 0.160417
16 0.913281 0.053125 0.107813 0.10625
8 0.840625 0.484375 0.1 0.197917
5 0.660156 0.225 0.104687 0.1875
5 0.564844 0.226042 0.0984375 0.18125
7 0.884375 0.233333 0.1125 0.225
12 0.414062 0.967708 0.084375 0.0645833
14 0.867188 0.854167 0.10625 0.2125
2 0.128125 0.811458 0.078125 0.15625
15 0.952344 0.875 0.0953125 0.179167
18 0.95 0.454167 0.1 0.191667
12 0.367969 0.841667 0.0765625 0.141667
21 0.403906 0.0604167 0.110937 0.120833
9 0.267188 0.457292 0.09375 0.164583
2 0.0523437 0.808333 0.0828125 0.158333
8 0.738281 0.488542 0.0953125 0.19375
21 0.317187 0.0614583 0.1 0.122917
9 0.35625 0.460417 0.09375 0.166667
11 0.819531 0.660417 0.0953125 0.1625
12 0.333594 0.964583 0.0828125 0.0708333
2 0.207813 0.235417 0.08125 0.154167
1 0.915625 0.657292 0.1 0.172917
4 0.474219 0.25 0.0984375 0.2
9 0.20625 0.640625 0.084375 0.147917
12 0.45625 0.848958 0.075 0.139583
24 0.207031 0.825 0.0828125 0.158333
24 0.285937 0.829167 0.084375 0.158333
7 0.76875 0.252083 0.103125 0.225
3 0.624219 0.848958 0.0984375 0.164583
3 0.535937 0.8375 0.096875 0.166667
2 0.295312 0.234375 0.084375 0.160417
3 0.714063 0.851042 0.103125 0.172917
4 0.382812 0.252083 0.09375 0.191667
11 0.725 0.657292 0.090625 0.15625
9 0.2875 0.640625 0.08125 0.14375
22 0.6 0.0552083 0.1 0.110417
22 0.507031 0.0572917 0.0984375 0.114583
0 0.632812 0.65 0.0875 0.158333
0 0.542188 0.646875 0.084375 0.152083
26 0.6375 0.464583 0.09375 0.170833
26 0.533594 0.466667 0.0921875 0.170833
7 0.761719 0.970833 0.110937 0.0583333
26 0.0796875 0.0322917 0.15625 0.0645833
17 0.124219 0.947917 0.0828125 0.0875
20 0.440625 0.484375 0.0875 0.164583
16 0.975781 0.046875 0.0484375 0.09375
4 0.0328125 0.271875 0.065625 0.210417
14 0.500781 0.969792 0.0890625 0.0604167
17 0.801562 0.0552083 0.13125 0.110417
20 0.253125 0.954167 0.084375 0.0916667
17 0.69375 0.0489583 0.11875 0.0979167
20 0.36875 0.6625 0.08125 0.158333
4 0.104687 0.270833 0.09375 0.1875
9 0.182812 0.457292 0.1 0.16875
19 0.972656 0.21875 0.0546875 0.179167
20 0.452344 0.659375 0.0828125 0.160417
16 0.913281 0.053125 0.107813 0.10625
8 0.840625 0.484375 0.1 0.197917
5 0.660156 0.225 0.104687 0.1875
5 0.564844 0.226042 0.0984375 0.18125
7 0.884375 0.233333 0.1125 0.225
12 0.414062 0.967708 0.084375 0.0645833
14 0.867188 0.854167 0.10625 0.2125
2 0.128125 0.811458 0.078125 0.15625
15 0.952344 0.875 0.0953125 0.179167
18 0.95 0.454167 0.1 0.191667
12 0.367969 0.841667 0.0765625 0.141667
21 0.403906 0.0604167 0.110937 0.120833
9 0.267188 0.457292 0.09375 0.164583
2 0.0523437 0.808333 0.0828125 0.158333
8 0.738281 0.488542 0.0953125 0.19375
21 0.317187 0.0614583 0.1 0.122917
9 0.35625 0.460417 0.09375 0.166667
11 0.819531 0.660417 0.0953125 0.1625
12 0.333594 0.964583 0.0828125 0.0708333
2 0.207813 0.235417 0.08125 0.154167
1 0.915625 0.657292 0.1 0.172917
4 0.474219 0.25 0.0984375 0.2
9 0.20625 0.640625 0.084375 0.147917
12 0.45625 0.848958 0.075 0.139583
24 0.207031 0.825 0.0828125 0.158333
24 0.285937 0.829167 0.084375 0.158333
7 0.76875 0.252083 0.103125 0.225
3 0.624219 0.848958 0.0984375 0.164583
3 0.535937 0.8375 0.096875 0.166667
2 0.295312 0.234375 0.084375 0.160417
3 0.714063 0.851042 0.103125 0.172917
4 0.382812 0.252083 0.09375 0.191667
11 0.725 0.657292 0.090625 0.15625
9 0.2875 0.640625 0.08125 0.14375
22 0.6 0.0552083 0.1 0.110417
22 0.507031 0.0572917 0.0984375 0.114583
0 0.632812 0.65 0.0875 0.158333
0 0.542188 0.646875 0.084375 0.152083
26 0.6375 0.464583 0.09375 0.170833
26 0.533594 0.466667 0.0921875 0.170833
7 0.761719 0.970833 0.110937 0.0583333
26 0.0796875 0.0322917 0.15625 0.0645833
17 0.124219 0.947917 0.0828125 0.0875
20 0.440625 0.484375 0.0875 0.164583
16 0.975781 0.046875 0.0484375 0.09375
4 0.0328125 0.271875 0.065625 0.210417
14 0.500781 0.969792 0.0890625 0.0604167
17 0.801562 0.0552083 0.13125 0.110417
20 0.253125 0.954167 0.084375 0.0916667
17 0.69375 0.0489583 0.11875 0.0979167
20 0.36875 0.6625 0.08125 0.158333
4 0.104687 0.270833 0.09375 0.1875
9 0.182812 0.457292 0.1 0.16875
19 0.972656 0.21875 0.0546875 0.179167
20 0.452344 0.659375 0.0828125 0.160417
16 0.913281 0.053125 0.107813 0.10625
8 0.840625 0.484375 0.1 0.197917
5 0.660156 0.225 0.104687 0.1875
5 0.564844 0.226042 0.0984375 0.18125
7 0.884375 0.233333 0.1125 0.225
12 0.414062 0.967708 0.084375 0.0645833
14 0.867188 0.854167 0.10625 0.2125
2 0.128125 0.811458 0.078125 0.15625
15 0.952344 0.875 0.0953125 0.179167
18 0.95 0.454167 0.1 0.191667
12 0.367969 0.841667 0.0765625 0.141667
21 0.403906 0.0604167 0.110937 0.120833
9 0.267188 0.457292 0.09375 0.164583
2 0.0523437 0.808333 0.0828125 0.158333
8 0.738281 0.488542 0.0953125 0.19375
21 0.317187 0.0614583 0.1 0.122917
9 0.35625 0.460417 0.09375 0.166667
11 0.819531 0.660417 0.0953125 0.1625
12 0.333594 0.964583 0.0828125 0.0708333
2 0.207813 0.235417 0.08125 0.154167
1 0.915625 0.657292 0.1 0.172917
4 0.474219 0.25 0.0984375 0.2
9 0.20625 0.640625 0.084375 0.147917
12 0.45625 0.848958 0.075 0.139583
24 0.207031 0.825 0.0828125 0.158333
24 0.285937 0.829167 0.084375 0.158333
7 0.76875 0.252083 0.103125 0.225
3 0.624219 0.848958 0.0984375 0.164583
3 0.535937 0.8375 0.096875 0.166667
2 0.295312 0.234375 0.084375 0.160417
3 0.714063 0.851042 0.103125 0.172917
4 0.382812 0.252083 0.09375 0.191667
11 0.725 0.657292 0.090625 0.15625
9 0.2875 0.640625 0.08125 0.14375
22 0.6 0.0552083 0.1 0.110417
22 0.507031 0.0572917 0.0984375 0.114583
0 0.632812 0.65 0.0875 0.158333
0 0.542188 0.646875 0.084375 0.152083
26 0.6375 0.464583 0.09375 0.170833
26 0.533594 0.466667 0.0921875 0.170833
21 0.319531 0.0510417 0.101562 0.102083
4 0.0328125 0.289583 0.065625 0.208333
16 0.976562 0.0458333 0.04375 0.0875
25 0.0132813 0.0927083 0.0265625 0.147917
10 0.366406 0.657292 0.0828125 0.14375
9 0.184375 0.460417 0.103125 0.170833
9 0.254687 0.951042 0.0875 0.0979167
4 0.103906 0.260417 0.0921875 0.175
17 0.7 0.0458333 0.1125 0.0916667
9 0.271094 0.460417 0.0984375 0.170833
17 0.8 0.05 0.115625 0.1
8 0.736719 0.477083 0.0984375 0.195833
5 0.66875 0.234375 0.103125 0.189583
14 0.499219 0.969792 0.0859375 0.0604167
5 0.566406 0.2375 0.0984375 0.183333
8 0.8375 0.46875 0.103125 0.2
11 0.724219 0.655208 0.107813 0.18125
11 0.81875 0.665625 0.1 0.164583
16 0.914844 0.0583333 0.110937 0.116667
14 0.866406 0.859375 0.107813 0.20625
10 0.453125 0.661458 0.084375 0.147917
15 0.953125 0.878125 0.09375 0.177083
10 0.442187 0.486458 0.0875 0.152083
21 0.407031 0.0625 0.120312 0.125
18 0.952344 0.458333 0.0953125 0.1875
4 0.474219 0.253125 0.0921875 0.19375
12 0.420312 0.967708 0.084375 0.0645833
9 0.357812 0.459375 0.09375 0.16875
7 0.884375 0.241667 0.10625 0.216667
4 0.382031 0.252083 0.0953125 0.2
2 0.129688 0.810417 0.078125 0.154167
2 0.209375 0.235417 0.084375 0.158333
19 0.974219 0.235417 0.0515625 0.158333
2 0.0523437 0.808333 0.0828125 0.154167
24 0.285156 0.830208 0.0859375 0.160417
9 0.20625 0.639583 0.0875 0.15
24 0.207813 0.823958 0.08125 0.15625
3 0.535937 0.838542 0.096875 0.164583
12 0.370313 0.844792 0.078125 0.139583
1 0.917188 0.657292 0.096875 0.16875
7 0.770312 0.253125 0.103125 0.214583
12 0.336719 0.965625 0.0828125 0.06875
2 0.295312 0.235417 0.0875 0.1625
12 0.45625 0.848958 0.078125 0.14375
3 0.625781 0.847917 0.0953125 0.166667
0 0.633594 0.65 0.0890625 0.1625
0 0.541406 0.647917 0.0859375 0.154167
3 0.714844 0.852083 0.0953125 0.166667
9 0.2875 0.640625 0.08125 0.14375
22 0.6 0.05625 0.10625 0.1125
22 0.50625 0.0572917 0.096875 0.114583
26 0.532812 0.466667 0.090625 0.166667
26 0.638281 0.463542 0.0953125 0.172917
4 0.10625 0.260417 0.09375 0.1875
16 0.976562 0.0510417 0.046875 0.102083
20 0.25 0.95 0.0875 0.1
21 0.315625 0.0645833 0.103125 0.129167
20 0.454688 0.644792 0.090625 0.164583
9 0.442969 0.483333 0.0921875 0.1625
14 0.501562 0.9625 0.08125 0.0416667
21 0.407031 0.0604167 0.120312 0.120833
9 0.266406 0.4625 0.0984375 0.170833
4 0.0335938 0.292708 0.0671875 0.227083
17 0.694531 0.0510417 0.129688 0.102083
12 0.41875 0.963542 0.0875 0.0520833
9 0.182031 0.457292 0.101562 0.177083
5 0.567969 0.234375 0.0984375 0.18125
11 0.820312 0.659375 0.1125 0.189583
8 0.839844 0.475 0.0984375 0.2
16 0.913281 0.0625 0.110937 0.125
7 0.882031 0.25 0.107813 0.233333
2 0.13125 0.815625 0.0875 0.164583
5 0.670313 0.232292 0.1 0.185417
9 0.207031 0.639583 0.0953125 0.1625
2 0.0539063 0.810417 0.0921875 0.166667
19 0.971094 0.233333 0.0578125 0.195833
8 0.736719 0.484375 0.0984375 0.197917
2 0.207031 0.236458 0.0859375 0.160417
15 0.951563 0.873958 0.096875 0.177083
14 0.86875 0.855208 0.10625 0.20625
18 0.95 0.45625 0.1 0.191667
7 0.769531 0.25 0.101562 0.216667
4 0.470313 0.252083 0.096875 0.2
11 0.725 0.657292 0.090625 0.15625
9 0.35625 0.461458 0.090625 0.164583
12 0.336719 0.965625 0.0828125 0.06875
4 0.382031 0.253125 0.0953125 0.197917
12 0.369531 0.844792 0.0765625 0.14375
3 0.535156 0.839583 0.0953125 0.1625
2 0.296094 0.236458 0.0859375 0.160417
24 0.2875 0.830208 0.0875 0.160417
24 0.210938 0.820833 0.078125 0.15
12 0.457031 0.848958 0.0765625 0.139583
1 0.917188 0.657292 0.1 0.172917
3 0.625781 0.848958 0.0921875 0.160417
9 0.2875 0.640625 0.08125 0.14375
3 0.715625 0.851042 0.096875 0.164583
22 0.505469 0.0572917 0.0953125 0.114583
22 0.600781 0.0552083 0.101562 0.110417
0 0.542188 0.647917 0.084375 0.154167
0 0.632812 0.65 0.0875 0.158333
26 0.639063 0.4625 0.09375 0.170833
26 0.534375 0.465625 0.090625 0.16875
25 0.0140625 0.108333 0.028125 0.195833
18 0.757812 0.96875 0.13125 0.0625
17 0.123438 0.944792 0.09375 0.110417
9 0.100781 0.471875 0.0984375 0.152083
14 0.496094 0.965625 0.0859375 0.06875
16 0.978125 0.0458333 0.040625 0.0916667
17 0.803125 0.0489583 0.134375 0.0979167
10 0.251563 0.955208 0.084375 0.0895833
4 0.0304688 0.275 0.0609375 0.2
17 0.696875 0.05625 0.125 0.1125
20 0.441406 0.480208 0.0890625 0.164583
12 0.417188 0.967708 0.084375 0.0645833
20 0.453125 0.659375 0.090625 0.16875
9 0.182031 0.458333 0.0953125 0.1625
7 0.883594 0.234375 0.117188 0.227083
20 0.367969 0.658333 0.0796875 0.154167
4 0.107031 0.26875 0.0921875 0.1875
19 0.973437 0.232292 0.053125 0.160417
16 0.917188 0.05625 0.109375 0.1125
5 0.665625 0.229167 0.103125 0.195833
2 0.0539063 0.816667 0.0859375 0.1625
8 0.7375 0.490625 0.1 0.202083
8 0.838281 0.488542 0.0984375 0.197917
5 0.56875 0.232292 0.096875 0.185417
14 0.866406 0.859375 0.107813 0.210417
18 0.950781 0.455208 0.0984375 0.19375
1 0.913281 0.658333 0.0984375 0.170833
21 0.315625 0.0635417 0.1 0.127083
9 0.35625 0.461458 0.090625 0.164583
2 0.128906 0.8125 0.0828125 0.1625
2 0.204688 0.232292 0.078125 0.152083
12 0.335938 0.963542 0.0875 0.0729167
7 0.767187 0.25 0.103125 0.220833
15 0.952344 0.873958 0.0859375 0.164583
21 0.405469 0.0614583 0.104687 0.122917
9 0.26875 0.459375 0.090625 0.160417
4 0.472656 0.251042 0.0953125 0.197917
11 0.81875 0.661458 0.096875 0.164583
24 0.209375 0.822917 0.08125 0.15
24 0.285937 0.828125 0.084375 0.160417
2 0.295312 0.232292 0.0875 0.164583
12 0.369531 0.845833 0.0765625 0.141667
11 0.724219 0.657292 0.0890625 0.152083
12 0.457812 0.847917 0.08125 0.145833
4 0.382812 0.253125 0.09375 0.189583
3 0.623438 0.848958 0.09375 0.160417
3 0.535937 0.835417 0.096875 0.1625
9 0.20625 0.639583 0.084375 0.145833
9 0.289062 0.639583 0.08125 0.141667
3 0.714063 0.851042 0.103125 0.172917
0 0.542188 0.646875 0.084375 0.152083
0 0.632812 0.65 0.0875 0.154167
22 0.503906 0.0572917 0.0984375 0.114583
22 0.601562 0.05625 0.103125 0.1125
26 0.6375 0.464583 0.09375 0.170833
26 0.533594 0.466667 0.0921875 0.170833
16 0.978906 0.0416667 0.0421875 0.0833333
25 0.0117188 0.125 0.0234375 0.225
20 0.442187 0.484375 0.0875 0.16875
17 0.802344 0.0510417 0.123438 0.102083
14 0.498437 0.969792 0.084375 0.0604167
20 0.453906 0.660417 0.0828125 0.1625
10 0.367969 0.659375 0.0921875 0.164583
17 0.7 0.0479167 0.11875 0.0958333
21 0.317187 0.0572917 0.09375 0.114583
4 0.034375 0.280208 0.06875 0.202083
20 0.249219 0.955208 0.0734375 0.08125
9 0.26875 0.461458 0.09375 0.160417
21 0.408594 0.0583333 0.107813 0.116667
16 0.915625 0.053125 0.121875 0.10625
4 0.10625 0.264583 0.09375 0.1875
19 0.973437 0.226042 0.053125 0.177083
9 0.182031 0.459375 0.0984375 0.16875
7 0.884375 0.232292 0.115625 0.227083
8 0.736719 0.472917 0.101562 0.2
2 0.0539063 0.809375 0.0890625 0.16875
2 0.128125 0.8125 0.0875 0.170833
11 0.820312 0.6625 0.103125 0.175
12 0.41875 0.963542 0.078125 0.0604167
8 0.839063 0.471875 0.1125 0.214583
11 0.725 0.660417 0.1 0.166667
5 0.567969 0.233333 0.101562 0.191667
18 0.95 0.453125 0.1 0.19375
14 0.867969 0.857292 0.107813 0.214583
5 0.665625 0.229167 0.103125 0.191667
15 0.953125 0.871875 0.09375 0.185417
4 0.473437 0.253125 0.1 0.202083
12 0.334375 0.966667 0.0875 0.0666667
2 0.205469 0.232292 0.0828125 0.15625
1 0.916406 0.659375 0.0984375 0.16875
3 0.535937 0.8375 0.096875 0.1625
12 0.45625 0.85 0.078125 0.141667
12 0.36875 0.840625 0.075 0.139583
9 0.203906 0.638542 0.0828125 0.14375
9 0.355469 0.461458 0.0890625 0.164583
3 0.621875 0.846875 0.096875 0.164583
24 0.209375 0.825 0.08125 0.154167
4 0.382812 0.252083 0.090625 0.1875
7 0.767969 0.25 0.101562 0.216667
2 0.296094 0.234375 0.0859375 0.164583
24 0.286719 0.829167 0.0859375 0.1625
9 0.286719 0.639583 0.0796875 0.1375
22 0.602344 0.0541667 0.0984375 0.108333
22 0.505469 0.05625 0.0984375 0.1125
3 0.714063 0.851042 0.1 0.16875
0 0.542969 0.646875 0.0859375 0.152083
0 0.633594 0.652083 0.0890625 0.158333
26 0.532812 0.465625 0.090625 0.16875
26 0.6375 0.463542 0.09375 0.172917
25 0.0117188 0.125 0.0234375 0.225
20 0.442187 0.484375 0.0875 0.16875
17 0.802344 0.0510417 0.123438 0.102083
14 0.498437 0.969792 0.084375 0.0604167
16 0.975781 0.04375 0.0484375 0.0875
20 0.453906 0.660417 0.0828125 0.1625
10 0.367969 0.659375 0.0921875 0.164583
17 0.7 0.0479167 0.11875 0.0958333
21 0.317187 0.0572917 0.09375 0.114583
4 0.034375 0.280208 0.06875 0.202083
20 0.249219 0.955208 0.0734375 0.08125
9 0.26875 0.461458 0.09375 0.160417
21 0.408594 0.0583333 0.107813 0.116667
16 0.915625 0.053125 0.121875 0.10625
4 0.10625 0.264583 0.09375 0.1875
19 0.973437 0.226042 0.053125 0.177083
9 0.182031 0.459375 0.0984375 0.16875
7 0.884375 0.232292 0.115625 0.227083
8 0.736719 0.472917 0.101562 0.2
2 0.0539063 0.809375 0.0890625 0.16875
2 0.128125 0.8125 0.0875 0.170833
11 0.820312 0.6625 0.103125 0.175
12 0.41875 0.963542 0.078125 0.0604167
8 0.839063 0.471875 0.1125 0.214583
11 0.725 0.660417 0.1 0.166667
5 0.567969 0.233333 0.101562 0.191667
18 0.95 0.453125 0.1 0.19375
14 0.867969 0.857292 0.107813 0.214583
5 0.665625 0.229167 0.103125 0.191667
15 0.953125 0.871875 0.09375 0.185417
4 0.473437 0.253125 0.1 0.202083
12 0.334375 0.966667 0.0875 0.0666667
2 0.205469 0.232292 0.0828125 0.15625
1 0.916406 0.659375 0.0984375 0.16875
3 0.535937 0.8375 0.096875 0.1625
12 0.45625 0.85 0.078125 0.141667
12 0.36875 0.840625 0.075 0.139583
9 0.203906 0.638542 0.0828125 0.14375
9 0.355469 0.461458 0.0890625 0.164583
3 0.621875 0.846875 0.096875 0.164583
24 0.209375 0.825 0.08125 0.154167
4 0.382812 0.252083 0.090625 0.1875
7 0.767969 0.25 0.101562 0.216667
2 0.296094 0.234375 0.0859375 0.164583
24 0.286719 0.829167 0.0859375 0.1625
9 0.286719 0.639583 0.0796875 0.1375
22 0.602344 0.0541667 0.0984375 0.108333
22 0.505469 0.05625 0.0984375 0.1125
3 0.714063 0.851042 0.1 0.16875
0 0.542969 0.646875 0.0859375 0.152083
0 0.633594 0.652083 0.0890625 0.158333
26 0.532812 0.465625 0.090625 0.16875
26 0.6375 0.463542 0.09375 0.172917
7 0.761719 0.970833 0.110937 0.0583333
26 0.0796875 0.0322917 0.15625 0.0645833
17 0.124219 0.947917 0.0828125 0.0875
20 0.440625 0.484375 0.0875 0.164583
16 0.975781 0.046875 0.0484375 0.09375
4 0.0328125 0.271875 0.065625 0.210417
14 0.500781 0.969792 0.0890625 0.0604167
17 0.801562 0.0552083 0.13125 0.110417
20 0.253125 0.954167 0.084375 0.0916667
17 0.69375 0.0489583 0.11875 0.0979167
20 0.36875 0.6625 0.08125 0.158333
4 0.104687 0.270833 0.09375 0.1875
9 0.182812 0.457292 0.1 0.16875
19 0.972656 0.21875 0.0546875 0.179167
20 0.452344 0.659375 0.0828125 0.160417
16 0.913281 0.053125 0.107813 0.10625
8 0.840625 0.484375 0.1 0.197917
5 0.660156 0.225 0.104687 0.1875
5 0.564844 0.226042 0.0984375 0.18125
7 0.884375 0.233333 0.1125 0.225
12 0.414062 0.967708 0.084375 0.0645833
14 0.867188 0.854167 0.10625 0.2125
2 0.128125 0.811458 0.078125 0.15625
15 0.952344 0.875 0.0953125 0.179167
18 0.95 0.454167 0.1 0.191667
12 0.367969 0.841667 0.0765625 0.141667
21 0.403906 0.0604167 0.110937 0.120833
9 0.267188 0.457292 0.09375 0.164583
2 0.0523437 0.808333 0.0828125 0.158333
8 0.738281 0.488542 0.0953125 0.19375
21 0.317187 0.0614583 0.1 0.122917
9 0.35625 0.460417 0.09375 0.166667
11 0.819531 0.660417 0.0953125 0.1625
12 0.333594 0.964583 0.0828125 0.0708333
2 0.207813 0.235417 0.08125 0.154167
1 0.915625 0.657292 0.1 0.172917
4 0.474219 0.25 0.0984375 0.2
9 0.20625 0.640625 0.084375 0.147917
12 0.45625 0.848958 0.075 0.139583
24 0.207031 0.825 0.0828125 0.158333
24 0.285937 0.829167 0.084375 0.158333
7 0.76875 0.252083 0.103125 0.225
3 0.624219 0.848958 0.0984375 0.164583
3 0.535937 0.8375 0.096875 0.166667
2 0.295312 0.234375 0.084375 0.160417
3 0.714063 0.851042 0.103125 0.172917
4 0.382812 0.252083 0.09375 0.191667
11 0.725 0.657292 0.090625 0.15625
9 0.2875 0.640625 0.08125 0.14375
22 0.6 0.0552083 0.1 0.110417
22 0.507031 0.0572917 0.0984375 0.114583
0 0.632812 0.65 0.0875 0.158333
0 0.542188 0.646875 0.084375 0.152083
26 0.6375 0.464583 0.09375 0.170833
26 0.533594 0.466667 0.0921875 0.170833
17 0.124219 0.947917 0.0828125 0.0875
20 0.440625 0.484375 0.0875 0.164583
16 0.975781 0.046875 0.0484375 0.09375
4 0.0328125 0.271875 0.065625 0.210417
14 0.500781 0.969792 0.0890625 0.0604167
17 0.801562 0.0552083 0.13125 0.110417
20 0.253125 0.954167 0.084375 0.0916667
17 0.69375 0.0489583 0.11875 0.0979167
20 0.36875 0.6625 0.08125 0.158333
4 0.104687 0.270833 0.09375 0.1875
9 0.182812 0.457292 0.1 0.16875
19 0.972656 0.21875 0.0546875 0.179167
20 0.452344 0.659375 0.0828125 0.160417
16 0.913281 0.053125 0.107813 0.10625
8 0.840625 0.484375 0.1 0.197917
5 0.660156 0.225 0.104687 0.1875
5 0.564844 0.226042 0.0984375 0.18125
7 0.884375 0.233333 0.1125 0.225
12 0.414062 0.967708 0.084375 0.0645833
14 0.867188 0.854167 0.10625 0.2125
2 0.128125 0.811458 0.078125 0.15625
15 0.952344 0.875 0.0953125 0.179167
18 0.95 0.454167 0.1 0.191667
12 0.367969 0.841667 0.0765625 0.141667
21 0.403906 0.0604167 0.110937 0.120833
9 0.267188 0.457292 0.09375 0.164583
2 0.0523437 0.808333 0.0828125 0.158333
8 0.738281 0.488542 0.0953125 0.19375
21 0.317187 0.0614583 0.1 0.122917
9 0.35625 0.460417 0.09375 0.166667
11 0.819531 0.660417 0.0953125 0.1625
12 0.333594 0.964583 0.0828125 0.0708333
2 0.207813 0.235417 0.08125 0.154167
1 0.915625 0.657292 0.1 0.172917
4 0.474219 0.25 0.0984375 0.2
9 0.20625 0.640625 0.084375 0.147917
12 0.45625 0.848958 0.075 0.139583
24 0.207031 0.825 0.0828125 0.158333
24 0.285937 0.829167 0.084375 0.158333
7 0.76875 0.252083 0.103125 0.225
3 0.624219 0.848958 0.0984375 0.164583
3 0.535937 0.8375 0.096875 0.166667
2 0.295312 0.234375 0.084375 0.160417
3 0.714063 0.851042 0.103125 0.172917
4 0.382812 0.252083 0.09375 0.191667
11 0.725 0.657292 0.090625 0.15625
9 0.2875 0.640625 0.08125 0.14375
22 0.6 0.0552083 0.1 0.110417
22 0.507031 0.0572917 0.0984375 0.114583
0 0.632812 0.65 0.0875 0.158333
0 0.542188 0.646875 0.084375 0.152083
26 0.6375 0.464583 0.09375 0.170833
26 0.533594 0.466667 0.0921875 0.170833
7 0.761719 0.970833 0.110937 0.0583333
26 0.0796875 0.0322917 0.15625 0.0645833
17 0.124219 0.947917 0.0828125 0.0875
20 0.440625 0.484375 0.0875 0.164583
16 0.975781 0.046875 0.0484375 0.09375
4 0.0328125 0.271875 0.065625 0.210417
14 0.500781 0.969792 0.0890625 0.0604167
17 0.801562 0.0552083 0.13125 0.110417
20 0.253125 0.954167 0.084375 0.0916667
17 0.69375 0.0489583 0.11875 0.0979167
20 0.36875 0.6625 0.08125 0.158333
4 0.104687 0.270833 0.09375 0.1875
9 0.182812 0.457292 0.1 0.16875
19 0.972656 0.21875 0.0546875 0.179167
20 0.452344 0.659375 0.0828125 0.160417
16 0.913281 0.053125 0.107813 0.10625
8 0.840625 0.484375 0.1 0.197917
5 0.660156 0.225 0.104687 0.1875
5 0.564844 0.226042 0.0984375 0.18125
7 0.884375 0.233333 0.1125 0.225
12 0.414062 0.967708 0.084375 0.0645833
14 0.867188 0.854167 0.10625 0.2125
2 0.128125 0.811458 0.078125 0.15625
15 0.952344 0.875 0.0953125 0.179167
18 0.95 0.454167 0.1 0.191667
12 0.367969 0.841667 0.0765625 0.141667
21 0.403906 0.0604167 0.110937 0.120833
9 0.267188 0.457292 0.09375 0.164583
2 0.0523437 0.808333 0.0828125 0.158333
8 0.738281 0.488542 0.0953125 0.19375
21 0.317187 0.0614583 0.1 0.122917
9 0.35625 0.460417 0.09375 0.166667
11 0.819531 0.660417 0.0953125 0.1625
12 0.333594 0.964583 0.0828125 0.0708333
2 0.207813 0.235417 0.08125 0.154167
1 0.915625 0.657292 0.1 0.172917
4 0.474219 0.25 0.0984375 0.2
9 0.20625 0.640625 0.084375 0.147917
12 0.45625 0.848958 0.075 0.139583
24 0.207031 0.825 0.0828125 0.158333
24 0.285937 0.829167 0.084375 0.158333
7 0.76875 0.252083 0.103125 0.225
3 0.624219 0.848958 0.0984375 0.164583
3 0.535937 0.8375 0.096875 0.166667
2 0.295312 0.234375 0.084375 0.160417
3 0.714063 0.851042 0.103125 0.172917
4 0.382812 0.252083 0.09375 0.191667
11 0.725 0.657292 0.090625 0.15625
9 0.2875 0.640625 0.08125 0.14375
22 0.6 0.0552083 0.1 0.110417
22 0.507031 0.0572917 0.0984375 0.114583
0 0.632812 0.65 0.0875 0.158333
0 0.542188 0.646875 0.084375 0.152083
26 0.6375 0.464583 0.09375 0.170833
26 0.533594 0.466667 0.0921875 0.170833
7 0.761719 0.970833 0.110937 0.0583333
26 0.0796875 0.0322917 0.15625 0.0645833
17 0.124219 0.947917 0.0828125 0.0875
20 0.440625 0.484375 0.0875 0.164583
16 0.975781 0.046875 0.0484375 0.09375
4 0.0328125 0.271875 0.065625 0.210417
14 0.500781 0.969792 0.0890625 0.0604167
17 0.801562 0.0552083 0.13125 0.110417
20 0.253125 0.954167 0.084375 0.0916667
17 0.69375 0.0489583 0.11875 0.0979167
20 0.36875 0.6625 0.08125 0.158333
4 0.104687 0.270833 0.09375 0.1875
9 0.182812 0.457292 0.1 0.16875
19 0.972656 0.21875 0.0546875 0.179167
20 0.452344 0.659375 0.0828125 0.160417
16 0.913281 0.053125 0.107813 0.10625
8 0.840625 0.484375 0.1 0.197917
5 0.660156 0.225 0.104687 0.1875
5 0.564844 0.226042 0.0984375 0.18125
7 0.884375 0.233333 0.1125 0.225
12 0.414062 0.967708 0.084375 0.0645833
14 0.867188 0.854167 0.10625 0.2125
2 0.128125 0.811458 0.078125 0.15625
15 0.952344 0.875 0.0953125 0.179167
18 0.95 0.454167 0.1 0.191667
12 0.367969 0.841667 0.0765625 0.141667
21 0.403906 0.0604167 0.110937 0.120833
9 0.267188 0.457292 0.09375 0.164583
2 0.0523437 0.808333 0.0828125 0.158333
8 0.738281 0.488542 0.0953125 0.19375
21 0.317187 0.0614583 0.1 0.122917
9 0.35625 0.460417 0.09375 0.166667
11 0.819531 0.660417 0.0953125 0.1625
12 0.333594 0.964583 0.0828125 0.0708333
2 0.207813 0.235417 0.08125 0.154167
1 0.915625 0.657292 0.1 0.172917
4 0.474219 0.25 0.0984375 0.2
9 0.20625 0.640625 0.084375 0.147917
12 0.45625 0.848958 0.075 0.139583
24 0.207031 0.825 0.0828125 0.158333
24 0.285937 0.829167 0.084375 0.158333
7 0.76875 0.252083 0.103125 0.225
3 0.624219 0.848958 0.0984375 0.164583
3 0.535937 0.8375 0.096875 0.166667
2 0.295312 0.234375 0.084375 0.160417
3 0.714063 0.851042 0.103125 0.172917
4 0.382812 0.252083 0.09375 0.191667
11 0.725 0.657292 0.090625 0.15625
9 0.2875 0.640625 0.08125 0.14375
22 0.6 0.0552083 0.1 0.110417
22 0.507031 0.0572917 0.0984375 0.114583
0 0.632812 0.65 0.0875 0.158333
0 0.542188 0.646875 0.084375 0.152083
26 0.6375 0.464583 0.09375 0.170833
26 0.533594 0.466667 0.0921875 0.170833
7 0.761719 0.970833 0.110937 0.0583333
26 0.0796875 0.0322917 0.15625 0.0645833
17 0.124219 0.947917 0.0828125 0.0875
20 0.440625 0.484375 0.0875 0.164583
16 0.975781 0.046875 0.0484375 0.09375
4 0.0328125 0.271875 0.065625 0.210417
14 0.500781 0.969792 0.0890625 0.0604167
17 0.801562 0.0552083 0.13125 0.110417
20 0.253125 0.954167 0.084375 0.0916667
17 0.69375 0.0489583 0.11875 0.0979167
20 0.36875 0.6625 0.08125 0.158333
4 0.104687 0.270833 0.09375 0.1875
9 0.182812 0.457292 0.1 0.16875
19 0.972656 0.21875 0.0546875 0.179167
20 0.452344 0.659375 0.0828125 0.160417
16 0.913281 0.053125 0.107813 0.10625
8 0.840625 0.484375 0.1 0.197917
5 0.660156 0.225 0.104687 0.1875
5 0.564844 0.226042 0.0984375 0.18125
7 0.884375 0.233333 0.1125 0.225
12 0.414062 0.967708 0.084375 0.0645833
14 0.867188 0.854167 0.10625 0.2125
2 0.128125 0.811458 0.078125 0.15625
15 0.952344 0.875 0.0953125 0.179167
18 0.95 0.454167 0.1 0.191667
12 0.367969 0.841667 0.0765625 0.141667
21 0.403906 0.0604167 0.110937 0.120833
9 0.267188 0.457292 0.09375 0.164583
2 0.0523437 0.808333 0.0828125 0.158333
8 0.738281 0.488542 0.0953125 0.19375
21 0.317187 0.0614583 0.1 0.122917
9 0.35625 0.460417 0.09375 0.166667
11 0.819531 0.660417 0.0953125 0.1625
12 0.333594 0.964583 0.0828125 0.0708333
2 0.207813 0.235417 0.08125 0.154167
1 0.915625 0.657292 0.1 0.172917
4 0.474219 0.25 0.0984375 0.2
9 0.20625 0.640625 0.084375 0.147917
12 0.45625 0.848958 0.075 0.139583
24 0.207031 0.825 0.0828125 0.158333
24 0.285937 0.829167 0.084375 0.158333
7 0.76875 0.252083 0.103125 0.225
3 0.624219 0.848958 0.0984375 0.164583
3 0.535937 0.8375 0.096875 0.166667
2 0.295312 0.234375 0.084375 0.160417
3 0.714063 0.851042 0.103125 0.172917
4 0.382812 0.252083 0.09375 0.191667
11 0.725 0.657292 0.090625 0.15625
9 0.2875 0.640625 0.08125 0.14375
22 0.6 0.0552083 0.1 0.110417
22 0.507031 0.0572917 0.0984375 0.114583
0 0.632812 0.65 0.0875 0.158333
0 0.542188 0.646875 0.084375 0.152083
26 0.6375 0.464583 0.09375 0.170833
26 0.533594 0.466667 0.0921875 0.170833
7 0.761719 0.970833 0.110937 0.0583333
26 0.0796875 0.0322917 0.15625 0.0645833
17 0.124219 0.947917 0.0828125 0.0875
20 0.440625 0.484375 0.0875 0.164583
16 0.975781 0.046875 0.0484375 0.09375
4 0.0328125 0.271875 0.065625 0.210417
14 0.500781 0.969792 0.0890625 0.0604167
17 0.801562 0.0552083 0.13125 0.110417
20 0.253125 0.954167 0.084375 0.0916667
17 0.69375 0.0489583 0.11875 0.0979167
20 0.36875 0.6625 0.08125 0.158333
4 0.104687 0.270833 0.09375 0.1875
9 0.182812 0.457292 0.1 0.16875
19 0.972656 0.21875 0.0546875 0.179167
20 0.452344 0.659375 0.0828125 0.160417
16 0.913281 0.053125 0.107813 0.10625
8 0.840625 0.484375 0.1 0.197917
5 0.660156 0.225 0.104687 0.1875
5 0.564844 0.226042 0.0984375 0.18125
7 0.884375 0.233333 0.1125 0.225
12 0.414062 0.967708 0.084375 0.0645833
14 0.867188 0.854167 0.10625 0.2125
2 0.128125 0.811458 0.078125 0.15625
15 0.952344 0.875 0.0953125 0.179167
18 0.95 0.454167 0.1 0.191667
12 0.367969 0.841667 0.0765625 0.141667
21 0.403906 0.0604167 0.110937 0.120833
9 0.267188 0.457292 0.09375 0.164583
2 0.0523437 0.808333 0.0828125 0.158333
8 0.738281 0.488542 0.0953125 0.19375
21 0.317187 0.0614583 0.1 0.122917
9 0.35625 0.460417 0.09375 0.166667
11 0.819531 0.660417 0.0953125 0.1625
12 0.333594 0.964583 0.0828125 0.0708333
2 0.207813 0.235417 0.08125 0.154167
1 0.915625 0.657292 0.1 0.172917
4 0.474219 0.25 0.0984375 0.2
9 0.20625 0.640625 0.084375 0.147917
12 0.45625 0.848958 0.075 0.139583
24 0.207031 0.825 0.0828125 0.158333
24 0.285937 0.829167 0.084375 0.158333
7 0.76875 0.252083 0.103125 0.225
3 0.624219 0.848958 0.0984375 0.164583
3 0.535937 0.8375 0.096875 0.166667
2 0.295312 0.234375 0.084375 0.160417
3 0.714063 0.851042 0.103125 0.172917
4 0.382812 0.252083 0.09375 0.191667
11 0.725 0.657292 0.090625 0.15625
9 0.2875 0.640625 0.08125 0.14375
22 0.6 0.0552083 0.1 0.110417
22 0.507031 0.0572917 0.0984375 0.114583
0 0.632812 0.65 0.0875 0.158333
0 0.542188 0.646875 0.084375 0.152083
26 0.6375 0.464583 0.09375 0.170833
26 0.533594 0.466667 0.0921875 0.170833
22 0.194531 0.028125 0.135937 0.05625
7 0.761719 0.970833 0.110937 0.0583333
26 0.0796875 0.0322917 0.15625 0.0645833
3 0.628906 0.75 0.101562 0.304167
17 0.124219 0.947917 0.0828125 0.0875
20 0.440625 0.484375 0.0875 0.164583
16 0.975 0.046875 0.05 0.09375
4 0.0328125 0.271875 0.065625 0.210417
14 0.500781 0.969792 0.0890625 0.0604167
17 0.801562 0.0552083 0.13125 0.110417
20 0.253125 0.954167 0.084375 0.0916667
17 0.69375 0.0489583 0.11875 0.0979167
20 0.36875 0.6625 0.08125 0.158333
4 0.104687 0.270833 0.09375 0.1875
9 0.182812 0.457292 0.1 0.16875
19 0.972656 0.21875 0.0546875 0.179167
20 0.452344 0.659375 0.0828125 0.160417
16 0.913281 0.053125 0.107813 0.10625
8 0.840625 0.484375 0.1 0.197917
5 0.660156 0.225 0.104687 0.1875
5 0.564844 0.226042 0.0984375 0.18125
7 0.884375 0.233333 0.1125 0.225
12 0.414062 0.967708 0.084375 0.0645833
14 0.867188 0.854167 0.10625 0.2125
2 0.128125 0.811458 0.078125 0.15625
15 0.952344 0.875 0.0953125 0.179167
18 0.95 0.454167 0.1 0.191667
12 0.367969 0.841667 0.0765625 0.141667
21 0.403906 0.0604167 0.110937 0.120833
9 0.267188 0.457292 0.09375 0.164583
2 0.0523437 0.808333 0.0828125 0.158333
8 0.738281 0.488542 0.0953125 0.19375
21 0.317187 0.0614583 0.1 0.122917
9 0.35625 0.460417 0.09375 0.166667
11 0.819531 0.660417 0.0953125 0.1625
12 0.333594 0.964583 0.0828125 0.0708333
2 0.207813 0.235417 0.08125 0.154167
1 0.915625 0.657292 0.1 0.172917
4 0.474219 0.25 0.0984375 0.2
9 0.20625 0.640625 0.084375 0.147917
12 0.45625 0.848958 0.075 0.139583
24 0.207031 0.825 0.0828125 0.158333
24 0.285937 0.829167 0.084375 0.158333
7 0.76875 0.252083 0.103125 0.225
3 0.624219 0.848958 0.0984375 0.164583
3 0.535937 0.8375 0.096875 0.166667
2 0.295312 0.234375 0.084375 0.160417
3 0.714063 0.851042 0.103125 0.172917
4 0.382812 0.252083 0.09375 0.191667
11 0.725 0.657292 0.090625 0.15625
9 0.2875 0.640625 0.08125 0.14375
22 0.6 0.0552083 0.1 0.110417
22 0.507031 0.0572917 0.0984375 0.114583
0 0.632812 0.65 0.0875 0.158333
0 0.542188 0.646875 0.084375 0.152083
26 0.6375 0.464583 0.09375 0.170833
26 0.533594 0.466667 0.0921875 0.170833
22 0.194531 0.028125 0.135937 0.05625
7 0.761719 0.970833 0.110937 0.0583333
26 0.0796875 0.0322917 0.15625 0.0645833
17 0.124219 0.947917 0.0828125 0.0875
20 0.440625 0.484375 0.0875 0.164583
16 0.975 0.046875 0.05 0.09375
4 0.0328125 0.271875 0.065625 0.210417
14 0.500781 0.969792 0.0890625 0.0604167
17 0.801562 0.0552083 0.13125 0.110417
20 0.253125 0.954167 0.084375 0.0916667
17 0.69375 0.0489583 0.11875 0.0979167
20 0.36875 0.6625 0.08125 0.158333
4 0.104687 0.270833 0.09375 0.1875
9 0.182812 0.457292 0.1 0.16875
19 0.972656 0.21875 0.0546875 0.179167
20 0.452344 0.659375 0.0828125 0.160417
16 0.913281 0.053125 0.107813 0.10625
8 0.840625 0.484375 0.1 0.197917
5 0.660156 0.225 0.104687 0.1875
5 0.564844 0.226042 0.0984375 0.18125
7 0.884375 0.233333 0.1125 0.225
12 0.414062 0.967708 0.084375 0.0645833
14 0.867188 0.854167 0.10625 0.2125
2 0.128125 0.811458 0.078125 0.15625
15 0.952344 0.875 0.0953125 0.179167
18 0.95 0.454167 0.1 0.191667
12 0.367969 0.841667 0.0765625 0.141667
21 0.403906 0.0604167 0.110937 0.120833
9 0.267188 0.457292 0.09375 0.164583
2 0.0523437 0.808333 0.0828125 0.158333
8 0.738281 0.488542 0.0953125 0.19375
21 0.317187 0.0614583 0.1 0.122917
9 0.35625 0.460417 0.09375 0.166667
11 0.819531 0.660417 0.0953125 0.1625
12 0.333594 0.964583 0.0828125 0.0708333
2 0.207813 0.235417 0.08125 0.154167
1 0.915625 0.657292 0.1 0.172917
4 0.474219 0.25 0.0984375 0.2
9 0.20625 0.640625 0.084375 0.147917
12 0.45625 0.848958 0.075 0.139583
24 0.207031 0.825 0.0828125 0.158333
24 0.285937 0.829167 0.084375 0.158333
7 0.76875 0.252083 0.103125 0.225
3 0.624219 0.848958 0.0984375 0.164583
3 0.535937 0.8375 0.096875 0.166667
2 0.295312 0.234375 0.084375 0.160417
3 0.714063 0.851042 0.103125 0.172917
4 0.382812 0.252083 0.09375 0.191667
11 0.725 0.657292 0.090625 0.15625
9 0.2875 0.640625 0.08125 0.14375
22 0.6 0.0552083 0.1 0.110417
22 0.507031 0.0572917 0.0984375 0.114583
0 0.632812 0.65 0.0875 0.158333
0 0.542188 0.646875 0.084375 0.152083
26 0.6375 0.464583 0.09375 0.170833
26 0.533594 0.466667 0.0921875 0.170833
