21 0.159375 0.0645833 0.1375 0.125
24 0.13125 0.0458333 0.071875 0.0916667
10 0.0289063 0.509375 0.0578125 0.20625
21 0.270312 0.05625 0.121875 0.1125
8 0.620313 0.5125 0.096875 0.195833
24 0.317187 0.923958 0.096875 0.152083
5 0.45 0.2625 0.10625 0.204167
5 0.557031 0.258333 0.101562 0.191667
8 0.713281 0.501042 0.101562 0.197917
10 0.217187 0.71875 0.096875 0.1625
14 0.607031 0.908333 0.0953125 0.183333
16 0.782812 0.0739583 0.1125 0.147917
14 0.696875 0.9 0.096875 0.191667
9 0.107031 0.502083 0.117188 0.2
18 0.840625 0.494792 0.10625 0.185417
16 0.883594 0.0697917 0.110937 0.139583
24 0.0328125 0.91875 0.065625 0.1625
17 0.578906 0.0614583 0.120312 0.122917
4 0.238281 0.271875 0.104687 0.214583
17 0.673437 0.06875 0.13125 0.133333
24 0.11875 0.917708 0.109375 0.164583
9 0.31875 0.697917 0.1 0.179167
7 0.757031 0.278125 0.104687 0.21875
1 0.79375 0.696875 0.096875 0.164583
2 0.0390625 0.273958 0.078125 0.197917
12 0.2125 0.930208 0.09375 0.139583
7 0.657031 0.278125 0.101562 0.214583
3 0.419531 0.913542 0.0984375 0.172917
9 0.210938 0.498958 0.109375 0.19375
3 0.514063 0.9125 0.103125 0.175
4 0.339844 0.269792 0.101562 0.210417
9 0.311719 0.502083 0.107813 0.1875
9 0.0328125 0.714583 0.065625 0.170833
2 0.134375 0.272917 0.109375 0.2125
22 0.371875 0.0625 0.1125 0.120833
19 0.855469 0.239583 0.0953125 0.1625
15 0.789062 0.914583 0.090625 0.154167
22 0.478906 0.0614583 0.110937 0.122917
9 0.117188 0.711458 0.096875 0.16875
0 0.511719 0.705208 0.0953125 0.16875
11 0.607031 0.70625 0.0921875 0.158333
26 0.409375 0.505208 0.1 0.185417
11 0.700781 0.705208 0.0921875 0.160417
26 0.507031 0.504167 0.101562 0.183333
22 0.938281 0.814583 0.123438 0.308333
21 0.151562 0.0520833 0.11875 0.1
10 0.0335938 0.509375 0.0671875 0.20625
21 0.260938 0.0541667 0.109375 0.108333
20 0.214844 0.715625 0.0921875 0.16875
9 0.105469 0.498958 0.117188 0.197917
5 0.555469 0.252083 0.0953125 0.1875
18 0.841406 0.491667 0.104687 0.1875
16 0.784375 0.0770833 0.10625 0.15
16 0.885156 0.0739583 0.110937 0.147917
5 0.444531 0.252083 0.101562 0.191667
14 0.699219 0.9 0.0984375 0.2
4 0.235938 0.2625 0.121875 0.241667
8 0.717188 0.510417 0.090625 0.183333
14 0.609375 0.902083 0.1 0.195833
3 0.422656 0.914583 0.104687 0.170833
17 0.578125 0.059375 0.121875 0.11875
7 0.657031 0.278125 0.101562 0.214583
3 0.510938 0.911458 0.10625 0.16875
17 0.680469 0.0604167 0.107813 0.120833
2 0.0390625 0.273958 0.078125 0.20625
8 0.625 0.527083 0.1 0.204167
9 0.317187 0.696875 0.096875 0.177083
12 0.2125 0.926042 0.090625 0.127083
9 0.209375 0.497917 0.103125 0.1875
1 0.791406 0.696875 0.0984375 0.16875
24 0.117188 0.921875 0.1 0.15625
24 0.0335938 0.921875 0.0671875 0.15625
9 0.309375 0.5 0.103125 0.183333
4 0.339063 0.267708 0.103125 0.210417
24 0.317187 0.928125 0.090625 0.14375
7 0.757812 0.278125 0.10625 0.222917
9 0.0328125 0.714583 0.065625 0.175
15 0.789844 0.916667 0.0921875 0.154167
2 0.132812 0.272917 0.103125 0.204167
22 0.372656 0.0614583 0.107813 0.122917
9 0.117969 0.709375 0.0953125 0.172917
22 0.478125 0.0625 0.109375 0.125
11 0.607813 0.70625 0.090625 0.158333
19 0.85625 0.239583 0.090625 0.1625
11 0.700781 0.703125 0.0921875 0.160417
0 0.5125 0.705208 0.09375 0.16875
26 0.407813 0.504167 0.1 0.183333
26 0.50625 0.504167 0.096875 0.183333
10 0.0335938 0.509375 0.0671875 0.20625
21 0.260938 0.0541667 0.109375 0.108333
20 0.214844 0.715625 0.0921875 0.16875
9 0.105469 0.498958 0.117188 0.197917
5 0.555469 0.252083 0.0953125 0.1875
18 0.841406 0.491667 0.104687 0.1875
16 0.784375 0.0770833 0.10625 0.15
16 0.885156 0.0739583 0.110937 0.147917
5 0.444531 0.252083 0.101562 0.191667
14 0.699219 0.9 0.0984375 0.2
4 0.235938 0.2625 0.121875 0.241667
8 0.717188 0.510417 0.090625 0.183333
14 0.609375 0.902083 0.1 0.195833
3 0.422656 0.914583 0.104687 0.170833
17 0.578125 0.059375 0.121875 0.11875
7 0.657031 0.278125 0.101562 0.214583
3 0.510938 0.911458 0.10625 0.16875
17 0.680469 0.0604167 0.107813 0.120833
2 0.0390625 0.273958 0.078125 0.20625
8 0.625 0.527083 0.1 0.204167
9 0.317187 0.696875 0.096875 0.177083
12 0.2125 0.926042 0.090625 0.127083
9 0.209375 0.497917 0.103125 0.1875
1 0.791406 0.696875 0.0984375 0.16875
24 0.117188 0.921875 0.1 0.15625
24 0.0335938 0.921875 0.0671875 0.15625
9 0.309375 0.5 0.103125 0.183333
4 0.339063 0.267708 0.103125 0.210417
24 0.317187 0.928125 0.090625 0.14375
7 0.757812 0.278125 0.10625 0.222917
9 0.0328125 0.714583 0.065625 0.175
15 0.789844 0.916667 0.0921875 0.154167
2 0.132812 0.272917 0.103125 0.204167
22 0.372656 0.0614583 0.107813 0.122917
9 0.117969 0.709375 0.0953125 0.172917
22 0.478125 0.0625 0.109375 0.125
11 0.607813 0.70625 0.090625 0.158333
19 0.85625 0.239583 0.090625 0.1625
11 0.700781 0.703125 0.0921875 0.160417
0 0.5125 0.705208 0.09375 0.16875
26 0.407813 0.504167 0.1 0.183333
26 0.50625 0.504167 0.096875 0.183333
22 0.938281 0.814583 0.123438 0.308333
21 0.151562 0.0520833 0.11875 0.1
10 0.0335938 0.509375 0.0671875 0.20625
21 0.260938 0.0541667 0.109375 0.108333
20 0.214844 0.715625 0.0921875 0.16875
9 0.105469 0.498958 0.117188 0.197917
5 0.555469 0.252083 0.0953125 0.1875
18 0.841406 0.491667 0.104687 0.1875
16 0.784375 0.0770833 0.10625 0.15
16 0.885156 0.0739583 0.110937 0.147917
5 0.444531 0.252083 0.101562 0.191667
14 0.699219 0.9 0.0984375 0.2
4 0.235938 0.2625 0.121875 0.241667
8 0.717188 0.510417 0.090625 0.183333
14 0.609375 0.902083 0.1 0.195833
3 0.422656 0.914583 0.104687 0.170833
17 0.578125 0.059375 0.121875 0.11875
7 0.657031 0.278125 0.101562 0.214583
3 0.510938 0.911458 0.10625 0.16875
17 0.680469 0.0604167 0.107813 0.120833
2 0.0390625 0.273958 0.078125 0.20625
8 0.625 0.527083 0.1 0.204167
9 0.317187 0.696875 0.096875 0.177083
12 0.2125 0.926042 0.090625 0.127083
9 0.209375 0.497917 0.103125 0.1875
1 0.791406 0.696875 0.0984375 0.16875
24 0.117188 0.921875 0.1 0.15625
24 0.0335938 0.921875 0.0671875 0.15625
9 0.309375 0.5 0.103125 0.183333
4 0.339063 0.267708 0.103125 0.210417
24 0.317187 0.928125 0.090625 0.14375
7 0.757812 0.278125 0.10625 0.222917
9 0.0328125 0.714583 0.065625 0.175
15 0.789844 0.916667 0.0921875 0.154167
2 0.132812 0.272917 0.103125 0.204167
22 0.372656 0.0614583 0.107813 0.122917
9 0.117969 0.709375 0.0953125 0.172917
22 0.478125 0.0625 0.109375 0.125
11 0.607813 0.70625 0.090625 0.158333
19 0.85625 0.239583 0.090625 0.1625
11 0.700781 0.703125 0.0921875 0.160417
0 0.5125 0.705208 0.09375 0.16875
26 0.407813 0.504167 0.1 0.183333
26 0.50625 0.504167 0.096875 0.183333
22 0.938281 0.814583 0.123438 0.308333
21 0.151562 0.0520833 0.11875 0.1
10 0.03125 0.496875 0.0625 0.214583
21 0.260938 0.0541667 0.109375 0.108333
20 0.214844 0.715625 0.0921875 0.16875
9 0.105469 0.498958 0.117188 0.197917
5 0.555469 0.252083 0.0953125 0.1875
18 0.841406 0.491667 0.104687 0.1875
16 0.784375 0.0770833 0.10625 0.15
16 0.885156 0.0739583 0.110937 0.147917
5 0.444531 0.252083 0.101562 0.191667
14 0.699219 0.9 0.0984375 0.2
4 0.235938 0.2625 0.121875 0.241667
8 0.717188 0.510417 0.090625 0.183333
14 0.609375 0.902083 0.1 0.195833
3 0.422656 0.914583 0.104687 0.170833
17 0.578125 0.059375 0.121875 0.11875
7 0.657031 0.278125 0.101562 0.214583
3 0.510938 0.911458 0.10625 0.16875
17 0.680469 0.0604167 0.107813 0.120833
2 0.0390625 0.273958 0.078125 0.20625
8 0.625 0.527083 0.1 0.204167
9 0.317187 0.696875 0.096875 0.177083
12 0.2125 0.926042 0.090625 0.127083
9 0.209375 0.497917 0.103125 0.1875
1 0.791406 0.696875 0.0984375 0.16875
24 0.117188 0.921875 0.1 0.15625
24 0.0335938 0.921875 0.0671875 0.15625
9 0.309375 0.5 0.103125 0.183333
4 0.339063 0.267708 0.103125 0.210417
24 0.317187 0.928125 0.090625 0.14375
7 0.757812 0.278125 0.10625 0.222917
9 0.0328125 0.714583 0.065625 0.175
15 0.789844 0.916667 0.0921875 0.154167
2 0.132812 0.272917 0.103125 0.204167
22 0.372656 0.0614583 0.107813 0.122917
9 0.117969 0.709375 0.0953125 0.172917
22 0.478125 0.0625 0.109375 0.125
11 0.607813 0.70625 0.090625 0.158333
19 0.85625 0.239583 0.090625 0.1625
11 0.700781 0.703125 0.0921875 0.160417
0 0.5125 0.705208 0.09375 0.16875
26 0.407813 0.504167 0.1 0.183333
26 0.50625 0.504167 0.096875 0.183333
22 0.938281 0.814583 0.123438 0.308333
21 0.151562 0.0520833 0.11875 0.1
10 0.03125 0.496875 0.0625 0.214583
21 0.260938 0.0541667 0.109375 0.108333
20 0.214844 0.715625 0.0921875 0.16875
9 0.105469 0.498958 0.117188 0.197917
5 0.555469 0.252083 0.0953125 0.1875
18 0.841406 0.491667 0.104687 0.1875
16 0.784375 0.0770833 0.10625 0.15
16 0.885156 0.0739583 0.110937 0.147917
5 0.444531 0.252083 0.101562 0.191667
14 0.699219 0.9 0.0984375 0.2
4 0.235938 0.2625 0.121875 0.241667
8 0.717188 0.510417 0.090625 0.183333
14 0.609375 0.902083 0.1 0.195833
3 0.422656 0.914583 0.104687 0.170833
17 0.578125 0.059375 0.121875 0.11875
7 0.657031 0.278125 0.101562 0.214583
3 0.510938 0.911458 0.10625 0.16875
17 0.680469 0.0604167 0.107813 0.120833
2 0.0390625 0.273958 0.078125 0.20625
8 0.625 0.527083 0.1 0.204167
9 0.317187 0.696875 0.096875 0.177083
12 0.2125 0.926042 0.090625 0.127083
9 0.209375 0.497917 0.103125 0.1875
1 0.791406 0.696875 0.0984375 0.16875
24 0.117188 0.921875 0.1 0.15625
24 0.0335938 0.921875 0.0671875 0.15625
9 0.309375 0.5 0.103125 0.183333
4 0.339063 0.267708 0.103125 0.210417
24 0.317187 0.928125 0.090625 0.14375
7 0.757812 0.278125 0.10625 0.222917
9 0.0328125 0.714583 0.065625 0.175
15 0.789844 0.916667 0.0921875 0.154167
2 0.132812 0.272917 0.103125 0.204167
22 0.372656 0.0614583 0.107813 0.122917
9 0.117969 0.709375 0.0953125 0.172917
22 0.478125 0.0625 0.109375 0.125
11 0.607813 0.70625 0.090625 0.158333
19 0.85625 0.239583 0.090625 0.1625
11 0.700781 0.703125 0.0921875 0.160417
0 0.5125 0.705208 0.09375 0.16875
26 0.407813 0.504167 0.1 0.183333
26 0.50625 0.504167 0.096875 0.183333
24 0.13125 0.0458333 0.071875 0.0916667
10 0.0289063 0.509375 0.0578125 0.20625
17 0.571875 0.05 0.10625 0.0958333
21 0.270312 0.05625 0.121875 0.1125
8 0.620313 0.5125 0.096875 0.195833
24 0.317187 0.923958 0.096875 0.152083
5 0.45 0.2625 0.10625 0.204167
5 0.557031 0.258333 0.101562 0.191667
8 0.713281 0.501042 0.101562 0.197917
10 0.217187 0.71875 0.096875 0.1625
14 0.607031 0.908333 0.0953125 0.183333
16 0.782812 0.0739583 0.1125 0.147917
14 0.696875 0.9 0.096875 0.191667
9 0.107031 0.502083 0.117188 0.2
18 0.840625 0.494792 0.10625 0.185417
16 0.883594 0.0697917 0.110937 0.139583
24 0.0328125 0.91875 0.065625 0.1625
4 0.238281 0.271875 0.104687 0.214583
17 0.673437 0.06875 0.13125 0.133333
24 0.11875 0.917708 0.109375 0.164583
9 0.31875 0.697917 0.1 0.179167
7 0.757031 0.278125 0.104687 0.21875
1 0.79375 0.696875 0.096875 0.164583
2 0.0390625 0.273958 0.078125 0.197917
12 0.2125 0.930208 0.09375 0.139583
7 0.657031 0.278125 0.101562 0.214583
3 0.419531 0.913542 0.0984375 0.172917
9 0.210938 0.498958 0.109375 0.19375
3 0.514063 0.9125 0.103125 0.175
4 0.339844 0.269792 0.101562 0.210417
9 0.311719 0.502083 0.107813 0.1875
9 0.0328125 0.714583 0.065625 0.170833
2 0.134375 0.272917 0.109375 0.2125
22 0.371875 0.0625 0.1125 0.120833
19 0.855469 0.239583 0.0953125 0.1625
15 0.789062 0.914583 0.090625 0.154167
22 0.478906 0.0614583 0.110937 0.122917
9 0.117188 0.711458 0.096875 0.16875
0 0.511719 0.705208 0.0953125 0.16875
11 0.607031 0.70625 0.0921875 0.158333
26 0.409375 0.505208 0.1 0.185417
11 0.700781 0.705208 0.0921875 0.160417
26 0.507031 0.504167 0.101562 0.183333
21 0.271094 0.053125 0.123438 0.10625
5 0.554688 0.255208 0.103125 0.19375
9 0.105469 0.497917 0.123438 0.2125
24 0.316406 0.927083 0.0859375 0.145833
5 0.448438 0.258333 0.10625 0.195833
17 0.579687 0.059375 0.121875 0.11875
18 0.84375 0.492708 0.10625 0.189583
17 0.678906 0.0625 0.117188 0.125
19 0.857031 0.236458 0.107813 0.189583
7 0.657031 0.278125 0.101562 0.222917
4 0.236719 0.266667 0.107813 0.225
24 0.0328125 0.921875 0.065625 0.15625
16 0.78125 0.078125 0.109375 0.15625
14 0.610156 0.901042 0.101562 0.197917
14 0.698438 0.898958 0.096875 0.197917
24 0.117188 0.91875 0.1 0.1625
16 0.885156 0.075 0.117188 0.15
8 0.623438 0.526042 0.09375 0.19375
1 0.794531 0.695833 0.0953125 0.166667
12 0.2125 0.93125 0.090625 0.1375
7 0.757031 0.279167 0.104687 0.225
8 0.714063 0.515625 0.09375 0.19375
3 0.515625 0.913542 0.096875 0.16875
9 0.0328125 0.713542 0.065625 0.177083
2 0.133594 0.275 0.104687 0.208333
4 0.341406 0.267708 0.101562 0.214583
3 0.419531 0.913542 0.0953125 0.16875
9 0.310937 0.501042 0.103125 0.185417
15 0.788281 0.916667 0.0921875 0.15
9 0.210156 0.497917 0.110937 0.195833
2 0.0398437 0.276042 0.0796875 0.210417
9 0.31875 0.696875 0.1 0.177083
22 0.479688 0.0604167 0.10625 0.120833
22 0.373437 0.0604167 0.103125 0.120833
11 0.60625 0.705208 0.090625 0.15625
11 0.700781 0.705208 0.0921875 0.160417
9 0.11875 0.709375 0.1 0.172917
0 0.513281 0.705208 0.0921875 0.16875
26 0.409375 0.504167 0.1 0.183333
26 0.50625 0.505208 0.096875 0.18125
6 0.922656 0.554167 0.104687 0.1875
16 0.880469 0.719792 0.0953125 0.177083
20 0.214844 0.717708 0.0921875 0.172917
21 0.154687 0.0583333 0.121875 0.116667
21 0.265625 0.0635417 0.11875 0.127083
17 0.679688 0.0635417 0.1125 0.127083
8 0.714063 0.509375 0.096875 0.19375
4 0.2375 0.272917 0.109375 0.225
1 0.791406 0.698958 0.0859375 0.152083
16 0.782812 0.071875 0.109375 0.14375
14 0.60625 0.897917 0.1 0.1875
5 0.442969 0.246875 0.0984375 0.185417
5 0.552344 0.247917 0.101562 0.1875
14 0.698438 0.897917 0.1 0.204167
17 0.578906 0.0645833 0.123438 0.129167
24 0.034375 0.916667 0.06875 0.166667
8 0.61875 0.527083 0.09375 0.195833
4 0.342187 0.269792 0.10625 0.222917
3 0.514063 0.909375 0.10625 0.164583
7 0.657812 0.28125 0.103125 0.220833
7 0.758594 0.282292 0.104687 0.227083
3 0.419531 0.914583 0.101562 0.170833
16 0.884375 0.0697917 0.1 0.139583
19 0.853906 0.238542 0.0890625 0.160417
12 0.2125 0.93125 0.090625 0.1375
24 0.31875 0.928125 0.0875 0.14375
24 0.114844 0.919792 0.0984375 0.160417
9 0.104687 0.495833 0.109375 0.1875
18 0.840625 0.492708 0.090625 0.164583
2 0.0375 0.275 0.075 0.208333
9 0.317969 0.698958 0.0953125 0.172917
9 0.0328125 0.713542 0.065625 0.172917
9 0.11875 0.711458 0.1 0.172917
9 0.209375 0.497917 0.10625 0.191667
9 0.310937 0.501042 0.1 0.18125
22 0.372656 0.0625 0.110937 0.125
15 0.789062 0.916667 0.090625 0.15
2 0.132031 0.272917 0.107813 0.208333
22 0.478125 0.0625 0.1125 0.125
11 0.607813 0.704167 0.090625 0.158333
0 0.510938 0.705208 0.09375 0.172917
26 0.505469 0.505208 0.0984375 0.185417
26 0.408594 0.503125 0.0984375 0.185417
11 0.700781 0.705208 0.0890625 0.15625
6 0.921875 0.554167 0.109375 0.204167
21 0.160156 0.0572917 0.120312 0.114583
9 0.0335938 0.5125 0.0671875 0.191667
10 0.214844 0.717708 0.0953125 0.177083
21 0.269531 0.0635417 0.114063 0.127083
9 0.107031 0.495833 0.110937 0.191667
17 0.58125 0.059375 0.128125 0.11875
18 0.842969 0.491667 0.104687 0.1875
17 0.680469 0.0635417 0.114063 0.114583
4 0.239844 0.266667 0.110937 0.229167
8 0.714844 0.505208 0.101562 0.202083
5 0.553125 0.25 0.103125 0.195833
5 0.446875 0.251042 0.103125 0.19375
7 0.655469 0.278125 0.107813 0.23125
14 0.607813 0.902083 0.096875 0.195833
14 0.696875 0.89375 0.096875 0.1875
24 0.0335938 0.914583 0.0671875 0.145833
7 0.758594 0.280208 0.107813 0.222917
16 0.783594 0.078125 0.107813 0.139583
3 0.514844 0.914583 0.104687 0.166667
12 0.213281 0.922917 0.0921875 0.1375
8 0.61875 0.525 0.096875 0.2
24 0.116406 0.915625 0.107813 0.16875
24 0.31875 0.929167 0.084375 0.141667
1 0.792188 0.698958 0.096875 0.16875
16 0.882031 0.0739583 0.107813 0.139583
2 0.0367187 0.276042 0.0734375 0.202083
3 0.41875 0.913542 0.1 0.16875
4 0.339063 0.26875 0.10625 0.220833
19 0.85625 0.240625 0.090625 0.164583
9 0.0328125 0.714583 0.065625 0.175
15 0.789062 0.914583 0.090625 0.154167
9 0.209375 0.497917 0.109375 0.191667
9 0.31875 0.694792 0.096875 0.177083
22 0.374219 0.0604167 0.107813 0.120833
22 0.478906 0.0604167 0.107813 0.120833
9 0.310156 0.502083 0.101562 0.183333
9 0.117969 0.710417 0.0984375 0.175
2 0.13125 0.273958 0.10625 0.20625
26 0.407813 0.504167 0.1 0.183333
0 0.511719 0.705208 0.0921875 0.164583
11 0.700781 0.705208 0.0921875 0.15625
11 0.607813 0.705208 0.09375 0.160417
26 0.505469 0.504167 0.0984375 0.183333
6 0.921875 0.554167 0.109375 0.204167
21 0.160156 0.0572917 0.120312 0.114583
9 0.0335938 0.5125 0.0671875 0.191667
10 0.214844 0.717708 0.0953125 0.177083
21 0.269531 0.0635417 0.114063 0.127083
9 0.107031 0.495833 0.110937 0.191667
17 0.58125 0.059375 0.128125 0.11875
18 0.842969 0.491667 0.104687 0.1875
17 0.680469 0.0635417 0.114063 0.114583
4 0.239844 0.266667 0.110937 0.229167
8 0.714844 0.505208 0.101562 0.202083
5 0.553125 0.25 0.103125 0.195833
5 0.446875 0.251042 0.103125 0.19375
7 0.655469 0.278125 0.107813 0.23125
14 0.607813 0.902083 0.096875 0.195833
14 0.696875 0.89375 0.096875 0.1875
24 0.0335938 0.914583 0.0671875 0.145833
7 0.758594 0.280208 0.107813 0.222917
16 0.783594 0.078125 0.107813 0.139583
3 0.514844 0.914583 0.104687 0.166667
12 0.213281 0.922917 0.0921875 0.1375
8 0.61875 0.525 0.096875 0.2
24 0.116406 0.915625 0.107813 0.16875
24 0.31875 0.929167 0.084375 0.141667
1 0.792188 0.698958 0.096875 0.16875
16 0.882031 0.0739583 0.107813 0.139583
2 0.0367187 0.276042 0.0734375 0.202083
3 0.41875 0.913542 0.1 0.16875
4 0.339063 0.26875 0.10625 0.220833
19 0.85625 0.240625 0.090625 0.164583
9 0.0328125 0.714583 0.065625 0.175
15 0.789062 0.914583 0.090625 0.154167
9 0.209375 0.497917 0.109375 0.191667
9 0.31875 0.694792 0.096875 0.177083
22 0.374219 0.0604167 0.107813 0.120833
22 0.478906 0.0604167 0.107813 0.120833
9 0.310156 0.502083 0.101562 0.183333
9 0.117969 0.710417 0.0984375 0.175
2 0.13125 0.273958 0.10625 0.20625
26 0.407813 0.504167 0.1 0.183333
0 0.511719 0.705208 0.0921875 0.164583
11 0.700781 0.705208 0.0921875 0.15625
11 0.607813 0.705208 0.09375 0.160417
26 0.505469 0.504167 0.0984375 0.183333
22 0.938281 0.814583 0.123438 0.308333
21 0.151562 0.0520833 0.11875 0.1
10 0.03125 0.496875 0.0625 0.214583
21 0.260938 0.0541667 0.109375 0.108333
20 0.214844 0.715625 0.0921875 0.16875
9 0.105469 0.498958 0.117188 0.197917
5 0.555469 0.252083 0.0953125 0.1875
18 0.841406 0.491667 0.104687 0.1875
16 0.784375 0.0770833 0.10625 0.15
16 0.885156 0.0739583 0.110937 0.147917
5 0.444531 0.252083 0.101562 0.191667
14 0.699219 0.9 0.0984375 0.2
4 0.235938 0.2625 0.121875 0.241667
8 0.717188 0.510417 0.090625 0.183333
14 0.609375 0.902083 0.1 0.195833
3 0.422656 0.914583 0.104687 0.170833
17 0.578125 0.059375 0.121875 0.11875
7 0.657031 0.278125 0.101562 0.214583
3 0.510938 0.911458 0.10625 0.16875
17 0.680469 0.0604167 0.107813 0.120833
2 0.0390625 0.273958 0.078125 0.20625
8 0.625 0.527083 0.1 0.204167
9 0.317187 0.696875 0.096875 0.177083
12 0.2125 0.926042 0.090625 0.127083
9 0.209375 0.497917 0.103125 0.1875
1 0.791406 0.696875 0.0984375 0.16875
24 0.117188 0.921875 0.1 0.15625
24 0.0335938 0.921875 0.0671875 0.15625
9 0.309375 0.5 0.103125 0.183333
4 0.339063 0.267708 0.103125 0.210417
24 0.317187 0.928125 0.090625 0.14375
7 0.757812 0.278125 0.10625 0.222917
9 0.0328125 0.714583 0.065625 0.175
15 0.789844 0.916667 0.0921875 0.154167
2 0.132812 0.272917 0.103125 0.204167
22 0.372656 0.0614583 0.107813 0.122917
9 0.117969 0.709375 0.0953125 0.172917
22 0.478125 0.0625 0.109375 0.125
11 0.607813 0.70625 0.090625 0.158333
19 0.85625 0.239583 0.090625 0.1625
11 0.700781 0.703125 0.0921875 0.160417
0 0.5125 0.705208 0.09375 0.16875
26 0.407813 0.504167 0.1 0.183333
26 0.50625 0.504167 0.096875 0.183333
10 0.03125 0.496875 0.0625 0.214583
21 0.260938 0.0541667 0.109375 0.108333
20 0.214844 0.715625 0.0921875 0.16875
9 0.105469 0.498958 0.117188 0.197917
5 0.555469 0.252083 0.0953125 0.1875
18 0.841406 0.491667 0.104687 0.1875
16 0.784375 0.0770833 0.10625 0.15
16 0.885156 0.0739583 0.110937 0.147917
5 0.444531 0.252083 0.101562 0.191667
14 0.699219 0.9 0.0984375 0.2
4 0.235938 0.2625 0.121875 0.241667
8 0.717188 0.510417 0.090625 0.183333
14 0.609375 0.902083 0.1 0.195833
3 0.422656 0.914583 0.104687 0.170833
17 0.578125 0.059375 0.121875 0.11875
7 0.657031 0.278125 0.101562 0.214583
3 0.510938 0.911458 0.10625 0.16875
17 0.680469 0.0604167 0.107813 0.120833
2 0.0390625 0.273958 0.078125 0.20625
8 0.625 0.527083 0.1 0.204167
9 0.317187 0.696875 0.096875 0.177083
12 0.2125 0.926042 0.090625 0.127083
9 0.209375 0.497917 0.103125 0.1875
1 0.791406 0.696875 0.0984375 0.16875
24 0.117188 0.921875 0.1 0.15625
24 0.0335938 0.921875 0.0671875 0.15625
9 0.309375 0.5 0.103125 0.183333
4 0.339063 0.267708 0.103125 0.210417
24 0.317187 0.928125 0.090625 0.14375
7 0.757812 0.278125 0.10625 0.222917
9 0.0328125 0.714583 0.065625 0.175
15 0.789844 0.916667 0.0921875 0.154167
2 0.132812 0.272917 0.103125 0.204167
22 0.372656 0.0614583 0.107813 0.122917
9 0.117969 0.709375 0.0953125 0.172917
22 0.478125 0.0625 0.109375 0.125
11 0.607813 0.70625 0.090625 0.158333
19 0.85625 0.239583 0.090625 0.1625
11 0.700781 0.703125 0.0921875 0.160417
0 0.5125 0.705208 0.09375 0.16875
26 0.407813 0.504167 0.1 0.183333
26 0.50625 0.504167 0.096875 0.183333
22 0.938281 0.814583 0.123438 0.308333
21 0.151562 0.0520833 0.11875 0.1
10 0.03125 0.496875 0.0625 0.214583
21 0.260938 0.0541667 0.109375 0.108333
20 0.214844 0.715625 0.0921875 0.16875
9 0.105469 0.498958 0.117188 0.197917
5 0.555469 0.252083 0.0953125 0.1875
18 0.841406 0.491667 0.104687 0.1875
16 0.784375 0.0770833 0.10625 0.15
16 0.885156 0.0739583 0.110937 0.147917
5 0.444531 0.252083 0.101562 0.191667
14 0.699219 0.9 0.0984375 0.2
4 0.235938 0.2625 0.121875 0.241667
8 0.717188 0.510417 0.090625 0.183333
14 0.609375 0.902083 0.1 0.195833
3 0.422656 0.914583 0.104687 0.170833
17 0.578125 0.059375 0.121875 0.11875
7 0.657031 0.278125 0.101562 0.214583
3 0.510938 0.911458 0.10625 0.16875
17 0.680469 0.0604167 0.107813 0.120833
2 0.0390625 0.273958 0.078125 0.20625
8 0.625 0.527083 0.1 0.204167
9 0.317187 0.696875 0.096875 0.177083
12 0.2125 0.926042 0.090625 0.127083
9 0.209375 0.497917 0.103125 0.1875
1 0.791406 0.696875 0.0984375 0.16875
24 0.117188 0.921875 0.1 0.15625
24 0.0335938 0.921875 0.0671875 0.15625
9 0.309375 0.5 0.103125 0.183333
4 0.339063 0.267708 0.103125 0.210417
24 0.317187 0.928125 0.090625 0.14375
7 0.757812 0.278125 0.10625 0.222917
9 0.0328125 0.714583 0.065625 0.175
15 0.789844 0.916667 0.0921875 0.154167
2 0.132812 0.272917 0.103125 0.204167
22 0.372656 0.0614583 0.107813 0.122917
9 0.117969 0.709375 0.0953125 0.172917
22 0.478125 0.0625 0.109375 0.125
11 0.607813 0.70625 0.090625 0.158333
19 0.85625 0.239583 0.090625 0.1625
11 0.700781 0.703125 0.0921875 0.160417
0 0.5125 0.705208 0.09375 0.16875
26 0.407813 0.504167 0.1 0.183333
26 0.50625 0.504167 0.096875 0.183333
21 0.151562 0.0520833 0.11875 0.1
10 0.03125 0.496875 0.0625 0.214583
21 0.260938 0.0541667 0.109375 0.108333
20 0.214844 0.715625 0.0921875 0.16875
9 0.105469 0.498958 0.117188 0.197917
5 0.555469 0.252083 0.0953125 0.1875
18 0.841406 0.491667 0.104687 0.1875
16 0.784375 0.0770833 0.10625 0.15
16 0.885156 0.0739583 0.110937 0.147917
5 0.444531 0.252083 0.101562 0.191667
14 0.699219 0.9 0.0984375 0.2
4 0.235938 0.2625 0.121875 0.241667
8 0.717188 0.510417 0.090625 0.183333
14 0.609375 0.902083 0.1 0.195833
3 0.422656 0.914583 0.104687 0.170833
17 0.578125 0.059375 0.121875 0.11875
7 0.657031 0.278125 0.101562 0.214583
3 0.510938 0.911458 0.10625 0.16875
17 0.680469 0.0604167 0.107813 0.120833
2 0.0390625 0.273958 0.078125 0.20625
8 0.625 0.527083 0.1 0.204167
9 0.317187 0.696875 0.096875 0.177083
12 0.2125 0.926042 0.090625 0.127083
9 0.209375 0.497917 0.103125 0.1875
1 0.791406 0.696875 0.0984375 0.16875
24 0.117188 0.921875 0.1 0.15625
24 0.0335938 0.921875 0.0671875 0.15625
9 0.309375 0.5 0.103125 0.183333
4 0.339063 0.267708 0.103125 0.210417
24 0.317187 0.928125 0.090625 0.14375
7 0.757812 0.278125 0.10625 0.222917
9 0.0328125 0.714583 0.065625 0.175
15 0.789844 0.916667 0.0921875 0.154167
2 0.132812 0.272917 0.103125 0.204167
22 0.372656 0.0614583 0.107813 0.122917
9 0.117969 0.709375 0.0953125 0.172917
22 0.478125 0.0625 0.109375 0.125
11 0.607813 0.70625 0.090625 0.158333
19 0.85625 0.239583 0.090625 0.1625
11 0.700781 0.703125 0.0921875 0.160417
0 0.5125 0.705208 0.09375 0.16875
26 0.407813 0.504167 0.1 0.183333
26 0.50625 0.504167 0.096875 0.183333
21 0.151562 0.0520833 0.11875 0.1
10 0.03125 0.496875 0.0625 0.214583
21 0.260938 0.0541667 0.109375 0.108333
20 0.214844 0.715625 0.0921875 0.16875
9 0.105469 0.498958 0.117188 0.197917
5 0.555469 0.252083 0.0953125 0.1875
18 0.841406 0.491667 0.104687 0.1875
16 0.784375 0.0770833 0.10625 0.15
16 0.885156 0.0739583 0.110937 0.147917
5 0.444531 0.252083 0.101562 0.191667
14 0.699219 0.9 0.0984375 0.2
4 0.235938 0.2625 0.121875 0.241667
8 0.717188 0.510417 0.090625 0.183333
14 0.609375 0.902083 0.1 0.195833
3 0.422656 0.914583 0.104687 0.170833
17 0.578125 0.059375 0.121875 0.11875
7 0.657031 0.278125 0.101562 0.214583
3 0.510938 0.911458 0.10625 0.16875
17 0.680469 0.0604167 0.107813 0.120833
2 0.0390625 0.273958 0.078125 0.20625
8 0.625 0.527083 0.1 0.204167
9 0.317187 0.696875 0.096875 0.177083
12 0.2125 0.926042 0.090625 0.127083
9 0.209375 0.497917 0.103125 0.1875
1 0.791406 0.696875 0.0984375 0.16875
24 0.117188 0.921875 0.1 0.15625
24 0.0335938 0.921875 0.0671875 0.15625
9 0.309375 0.5 0.103125 0.183333
4 0.339063 0.267708 0.103125 0.210417
24 0.317187 0.928125 0.090625 0.14375
7 0.757812 0.278125 0.10625 0.222917
9 0.0328125 0.714583 0.065625 0.175
15 0.789844 0.916667 0.0921875 0.154167
2 0.132812 0.272917 0.103125 0.204167
22 0.372656 0.0614583 0.107813 0.122917
9 0.117969 0.709375 0.0953125 0.172917
22 0.478125 0.0625 0.109375 0.125
11 0.607813 0.70625 0.090625 0.158333
19 0.85625 0.239583 0.090625 0.1625
11 0.700781 0.703125 0.0921875 0.160417
0 0.5125 0.705208 0.09375 0.16875
26 0.407813 0.504167 0.1 0.183333
26 0.50625 0.504167 0.096875 0.183333
21 0.151562 0.0520833 0.11875 0.1
10 0.03125 0.496875 0.0625 0.214583
21 0.260938 0.0541667 0.109375 0.108333
20 0.214844 0.715625 0.0921875 0.16875
9 0.105469 0.498958 0.117188 0.197917
5 0.555469 0.252083 0.0953125 0.1875
18 0.841406 0.491667 0.104687 0.1875
16 0.784375 0.0770833 0.10625 0.15
16 0.885156 0.0739583 0.110937 0.147917
5 0.444531 0.252083 0.101562 0.191667
14 0.699219 0.9 0.0984375 0.2
4 0.235938 0.2625 0.121875 0.241667
8 0.717188 0.510417 0.090625 0.183333
14 0.609375 0.902083 0.1 0.195833
3 0.422656 0.914583 0.104687 0.170833
17 0.578125 0.059375 0.121875 0.11875
7 0.657031 0.278125 0.101562 0.214583
3 0.510938 0.911458 0.10625 0.16875
17 0.680469 0.0604167 0.107813 0.120833
2 0.0390625 0.273958 0.078125 0.20625
8 0.625 0.527083 0.1 0.204167
9 0.317187 0.696875 0.096875 0.177083
12 0.2125 0.926042 0.090625 0.127083
9 0.209375 0.497917 0.103125 0.1875
1 0.791406 0.696875 0.0984375 0.16875
24 0.117188 0.921875 0.1 0.15625
24 0.0335938 0.921875 0.0671875 0.15625
9 0.309375 0.5 0.103125 0.183333
4 0.339063 0.267708 0.103125 0.210417
24 0.317187 0.928125 0.090625 0.14375
7 0.757812 0.278125 0.10625 0.222917
9 0.0328125 0.714583 0.065625 0.175
15 0.789844 0.916667 0.0921875 0.154167
2 0.132812 0.272917 0.103125 0.204167
22 0.372656 0.0614583 0.107813 0.122917
9 0.117969 0.709375 0.0953125 0.172917
22 0.478125 0.0625 0.109375 0.125
11 0.607813 0.70625 0.090625 0.158333
19 0.85625 0.239583 0.090625 0.1625
11 0.700781 0.703125 0.0921875 0.160417
0 0.5125 0.705208 0.09375 0.16875
26 0.407813 0.504167 0.1 0.183333
26 0.50625 0.504167 0.096875 0.183333
21 0.151562 0.0520833 0.11875 0.1
10 0.0335938 0.509375 0.0671875 0.20625
21 0.260938 0.0541667 0.109375 0.108333
20 0.214844 0.715625 0.0921875 0.16875
9 0.105469 0.498958 0.117188 0.197917
5 0.555469 0.252083 0.0953125 0.1875
18 0.841406 0.491667 0.104687 0.1875
16 0.784375 0.0770833 0.10625 0.15
16 0.885156 0.0739583 0.110937 0.147917
5 0.444531 0.252083 0.101562 0.191667
14 0.699219 0.9 0.0984375 0.2
4 0.235938 0.2625 0.121875 0.241667
8 0.717188 0.510417 0.090625 0.183333
14 0.609375 0.902083 0.1 0.195833
3 0.422656 0.914583 0.104687 0.170833
17 0.578125 0.059375 0.121875 0.11875
7 0.657031 0.278125 0.101562 0.214583
3 0.510938 0.911458 0.10625 0.16875
17 0.680469 0.0604167 0.107813 0.120833
2 0.0390625 0.273958 0.078125 0.20625
8 0.625 0.527083 0.1 0.204167
9 0.317187 0.696875 0.096875 0.177083
12 0.2125 0.926042 0.090625 0.127083
9 0.209375 0.497917 0.103125 0.1875
1 0.791406 0.696875 0.0984375 0.16875
24 0.117188 0.921875 0.1 0.15625
24 0.0335938 0.921875 0.0671875 0.15625
9 0.309375 0.5 0.103125 0.183333
4 0.339063 0.267708 0.103125 0.210417
24 0.317187 0.928125 0.090625 0.14375
7 0.757812 0.278125 0.10625 0.222917
9 0.0328125 0.714583 0.065625 0.175
15 0.789844 0.916667 0.0921875 0.154167
2 0.132812 0.272917 0.103125 0.204167
22 0.372656 0.0614583 0.107813 0.122917
9 0.117969 0.709375 0.0953125 0.172917
22 0.478125 0.0625 0.109375 0.125
11 0.607813 0.70625 0.090625 0.158333
19 0.85625 0.239583 0.090625 0.1625
11 0.700781 0.703125 0.0921875 0.160417
0 0.5125 0.705208 0.09375 0.16875
26 0.407813 0.504167 0.1 0.183333
26 0.50625 0.504167 0.096875 0.183333
21 0.151562 0.0520833 0.11875 0.1
10 0.0335938 0.509375 0.0671875 0.20625
21 0.260938 0.0541667 0.109375 0.108333
20 0.214844 0.715625 0.0921875 0.16875
9 0.105469 0.498958 0.117188 0.197917
5 0.555469 0.252083 0.0953125 0.1875
18 0.841406 0.491667 0.104687 0.1875
16 0.784375 0.0770833 0.10625 0.15
16 0.885156 0.0739583 0.110937 0.147917
5 0.444531 0.252083 0.101562 0.191667
14 0.699219 0.9 0.0984375 0.2
4 0.235938 0.2625 0.121875 0.241667
8 0.717188 0.510417 0.090625 0.183333
14 0.609375 0.902083 0.1 0.195833
3 0.422656 0.914583 0.104687 0.170833
17 0.578125 0.059375 0.121875 0.11875
7 0.657031 0.278125 0.101562 0.214583
3 0.510938 0.911458 0.10625 0.16875
17 0.680469 0.0604167 0.107813 0.120833
2 0.0390625 0.273958 0.078125 0.20625
8 0.625 0.527083 0.1 0.204167
9 0.317187 0.696875 0.096875 0.177083
12 0.2125 0.926042 0.090625 0.127083
9 0.209375 0.497917 0.103125 0.1875
1 0.791406 0.696875 0.0984375 0.16875
24 0.117188 0.921875 0.1 0.15625
24 0.0335938 0.921875 0.0671875 0.15625
9 0.309375 0.5 0.103125 0.183333
4 0.339063 0.267708 0.103125 0.210417
24 0.317187 0.928125 0.090625 0.14375
7 0.757812 0.278125 0.10625 0.222917
9 0.0328125 0.714583 0.065625 0.175
15 0.789844 0.916667 0.0921875 0.154167
2 0.132812 0.272917 0.103125 0.204167
22 0.372656 0.0614583 0.107813 0.122917
9 0.117969 0.709375 0.0953125 0.172917
22 0.478125 0.0625 0.109375 0.125
11 0.607813 0.70625 0.090625 0.158333
19 0.85625 0.239583 0.090625 0.1625
11 0.700781 0.703125 0.0921875 0.160417
0 0.5125 0.705208 0.09375 0.16875
26 0.407813 0.504167 0.1 0.183333
26 0.50625 0.504167 0.096875 0.183333
