4 0.988281 0.775 0.0234375 0.1375
24 0.979688 0.980208 0.040625 0.0395833
21 0.185156 0.0677083 0.139062 0.13125
21 0.0867188 0.0729167 0.123438 0.141667
24 0.103125 0.858333 0.09375 0.1625
10 0.254687 0.729167 0.10625 0.179167
9 0.00859375 0.719792 0.0171875 0.152083
24 0.0320312 0.90625 0.0640625 0.183333
10 0.155469 0.716667 0.0828125 0.145833
8 0.549219 0.529167 0.0953125 0.195833
8 0.650781 0.515625 0.104687 0.19375
5 0.367188 0.273958 0.10625 0.197917
5 0.474219 0.270833 0.107813 0.195833
19 0.814062 0.283333 0.115625 0.204167
17 0.492969 0.0697917 0.126563 0.139583
14 0.683594 0.896875 0.0921875 0.189583
9 0.0484375 0.529167 0.090625 0.1625
16 0.721094 0.0760417 0.117188 0.147917
12 0.166406 0.913542 0.0921875 0.160417
17 0.611719 0.06875 0.117188 0.1375
18 0.757031 0.509375 0.107813 0.189583
9 0.234375 0.535417 0.103125 0.179167
16 0.828906 0.08125 0.129688 0.1625
1 0.725 0.707292 0.096875 0.164583
9 0.140625 0.508333 0.103125 0.183333
7 0.577344 0.29375 0.104687 0.216667
7 0.695312 0.292708 0.10625 0.222917
4 0.258594 0.283333 0.104687 0.220833
2 0.053125 0.260417 0.1 0.191667
15 0.771094 0.913542 0.0953125 0.15625
4 0.158594 0.28125 0.104687 0.216667
12 0.259375 0.926042 0.0875 0.147917
0 0.35 0.709375 0.096875 0.172917
9 0.0601562 0.709375 0.0921875 0.164583
3 0.435937 0.91875 0.09375 0.158333
3 0.529688 0.917708 0.09375 0.164583
22 0.397656 0.0697917 0.110937 0.139583
3 0.34375 0.915625 0.1 0.164583
22 0.29375 0.06875 0.10625 0.1375
11 0.5375 0.71875 0.090625 0.154167
11 0.634375 0.719792 0.090625 0.15625
0 0.44375 0.70625 0.09375 0.1625
26 0.3375 0.517708 0.1 0.18125
26 0.449219 0.516667 0.0984375 0.179167
9 0.871875 0.788542 0.121875 0.19375
24 0.976562 0.973958 0.046875 0.0479167
18 0.9875 0.755208 0.025 0.21875
3 0.986719 0.895833 0.0265625 0.208333
9 0.0234375 0.721875 0.040625 0.160417
9 0.0101562 0.715625 0.0203125 0.177083
20 0.252344 0.725 0.0859375 0.1625
20 0.153906 0.711458 0.0921875 0.164583
21 0.0796875 0.0635417 0.10625 0.127083
9 0.139062 0.509375 0.096875 0.172917
24 0.100781 0.8625 0.0828125 0.145833
16 0.720312 0.075 0.11875 0.15
9 0.234375 0.535417 0.1 0.179167
16 0.830469 0.0802083 0.120312 0.160417
5 0.359375 0.261458 0.1 0.185417
5 0.471094 0.26875 0.104687 0.195833
18 0.755469 0.508333 0.107813 0.1875
9 0.0398437 0.525 0.0796875 0.1625
14 0.682813 0.892708 0.09375 0.202083
12 0.167187 0.920833 0.090625 0.154167
21 0.182031 0.0708333 0.120312 0.141667
19 0.814844 0.276042 0.110937 0.19375
24 0.03125 0.909375 0.0625 0.16875
7 0.694531 0.29375 0.110937 0.233333
1 0.724219 0.707292 0.0984375 0.16875
17 0.496875 0.0645833 0.115625 0.129167
8 0.651563 0.541667 0.1 0.208333
8 0.547656 0.539583 0.0984375 0.208333
17 0.607031 0.065625 0.110937 0.13125
3 0.345313 0.915625 0.1 0.164583
9 0.0609375 0.708333 0.09375 0.166667
4 0.158594 0.282292 0.110937 0.222917
2 0.053125 0.259375 0.10625 0.20625
4 0.257812 0.284375 0.1125 0.23125
3 0.529688 0.917708 0.09375 0.164583
15 0.771094 0.913542 0.0953125 0.15625
3 0.4375 0.917708 0.09375 0.160417
7 0.577344 0.291667 0.104687 0.220833
22 0.292188 0.06875 0.1125 0.1375
22 0.395312 0.06875 0.10625 0.1375
12 0.258594 0.929167 0.0828125 0.141667
11 0.538281 0.717708 0.0921875 0.15625
0 0.44375 0.70625 0.090625 0.1625
0 0.348437 0.709375 0.090625 0.164583
11 0.633594 0.720833 0.0921875 0.158333
26 0.3375 0.514583 0.1 0.183333
26 0.446875 0.514583 0.096875 0.179167
3 0.986719 0.895833 0.0265625 0.208333
9 0.0234375 0.721875 0.040625 0.160417
9 0.0101562 0.715625 0.0203125 0.177083
20 0.252344 0.725 0.0859375 0.1625
20 0.153906 0.711458 0.0921875 0.164583
21 0.0796875 0.0635417 0.10625 0.127083
9 0.139062 0.509375 0.096875 0.172917
24 0.100781 0.8625 0.0828125 0.145833
16 0.720312 0.075 0.11875 0.15
9 0.234375 0.535417 0.1 0.179167
16 0.830469 0.0802083 0.120312 0.160417
5 0.359375 0.261458 0.1 0.185417
5 0.471094 0.26875 0.104687 0.195833
18 0.755469 0.508333 0.107813 0.1875
9 0.0398437 0.525 0.0796875 0.1625
14 0.682813 0.892708 0.09375 0.202083
12 0.167187 0.920833 0.090625 0.154167
21 0.182031 0.0708333 0.120312 0.141667
19 0.814844 0.276042 0.110937 0.19375
24 0.03125 0.909375 0.0625 0.16875
7 0.694531 0.29375 0.110937 0.233333
1 0.724219 0.707292 0.0984375 0.16875
17 0.496875 0.0645833 0.115625 0.129167
8 0.651563 0.541667 0.1 0.208333
8 0.547656 0.539583 0.0984375 0.208333
17 0.607031 0.065625 0.110937 0.13125
3 0.345313 0.915625 0.1 0.164583
9 0.0609375 0.708333 0.09375 0.166667
4 0.158594 0.282292 0.110937 0.222917
2 0.053125 0.259375 0.10625 0.20625
4 0.257812 0.284375 0.1125 0.23125
3 0.529688 0.917708 0.09375 0.164583
15 0.771094 0.913542 0.0953125 0.15625
3 0.4375 0.917708 0.09375 0.160417
7 0.577344 0.291667 0.104687 0.220833
22 0.292188 0.06875 0.1125 0.1375
22 0.395312 0.06875 0.10625 0.1375
12 0.258594 0.929167 0.0828125 0.141667
11 0.538281 0.717708 0.0921875 0.15625
0 0.44375 0.70625 0.090625 0.1625
0 0.348437 0.709375 0.090625 0.164583
11 0.633594 0.720833 0.0921875 0.158333
26 0.3375 0.514583 0.1 0.183333
26 0.446875 0.514583 0.096875 0.179167
9 0.871875 0.788542 0.121875 0.19375
24 0.976562 0.973958 0.046875 0.0479167
18 0.9875 0.755208 0.025 0.21875
3 0.986719 0.895833 0.0265625 0.208333
9 0.0234375 0.721875 0.040625 0.160417
9 0.0101562 0.715625 0.0203125 0.177083
20 0.252344 0.725 0.0859375 0.1625
20 0.153906 0.711458 0.0921875 0.164583
21 0.0796875 0.0635417 0.10625 0.127083
9 0.139062 0.509375 0.096875 0.172917
24 0.100781 0.8625 0.0828125 0.145833
16 0.720312 0.075 0.11875 0.15
9 0.234375 0.535417 0.1 0.179167
16 0.830469 0.0802083 0.120312 0.160417
5 0.359375 0.261458 0.1 0.185417
5 0.471094 0.26875 0.104687 0.195833
18 0.755469 0.508333 0.107813 0.1875
9 0.0398437 0.525 0.0796875 0.1625
14 0.682813 0.892708 0.09375 0.202083
12 0.167187 0.920833 0.090625 0.154167
21 0.182031 0.0708333 0.120312 0.141667
19 0.814844 0.276042 0.110937 0.19375
24 0.03125 0.909375 0.0625 0.16875
7 0.694531 0.29375 0.110937 0.233333
1 0.724219 0.707292 0.0984375 0.16875
17 0.496875 0.0645833 0.115625 0.129167
8 0.651563 0.541667 0.1 0.208333
8 0.547656 0.539583 0.0984375 0.208333
17 0.607031 0.065625 0.110937 0.13125
3 0.345313 0.915625 0.1 0.164583
9 0.0609375 0.708333 0.09375 0.166667
4 0.158594 0.282292 0.110937 0.222917
2 0.053125 0.259375 0.10625 0.20625
4 0.257812 0.284375 0.1125 0.23125
3 0.529688 0.917708 0.09375 0.164583
15 0.771094 0.913542 0.0953125 0.15625
3 0.4375 0.917708 0.09375 0.160417
7 0.577344 0.291667 0.104687 0.220833
22 0.292188 0.06875 0.1125 0.1375
22 0.395312 0.06875 0.10625 0.1375
12 0.258594 0.929167 0.0828125 0.141667
11 0.538281 0.717708 0.0921875 0.15625
0 0.44375 0.70625 0.090625 0.1625
0 0.348437 0.709375 0.090625 0.164583
11 0.633594 0.720833 0.0921875 0.158333
26 0.3375 0.514583 0.1 0.183333
26 0.446875 0.514583 0.096875 0.179167
9 0.871875 0.788542 0.121875 0.19375
3 0.986719 0.895833 0.0265625 0.208333
9 0.0101562 0.715625 0.0203125 0.177083
20 0.252344 0.725 0.0859375 0.1625
20 0.153906 0.711458 0.0921875 0.164583
21 0.0796875 0.0635417 0.10625 0.127083
9 0.139062 0.509375 0.096875 0.172917
24 0.100781 0.8625 0.0828125 0.145833
16 0.720312 0.075 0.11875 0.15
9 0.234375 0.535417 0.1 0.179167
16 0.830469 0.0802083 0.120312 0.160417
5 0.359375 0.261458 0.1 0.185417
5 0.471094 0.26875 0.104687 0.195833
18 0.755469 0.508333 0.107813 0.1875
9 0.0398437 0.525 0.0796875 0.1625
14 0.682813 0.892708 0.09375 0.202083
12 0.167187 0.920833 0.090625 0.154167
21 0.182031 0.0708333 0.120312 0.141667
19 0.814844 0.276042 0.110937 0.19375
24 0.03125 0.909375 0.0625 0.16875
7 0.694531 0.29375 0.110937 0.233333
1 0.724219 0.707292 0.0984375 0.16875
17 0.496875 0.0645833 0.115625 0.129167
8 0.651563 0.541667 0.1 0.208333
8 0.547656 0.539583 0.0984375 0.208333
17 0.607031 0.065625 0.110937 0.13125
3 0.345313 0.915625 0.1 0.164583
9 0.0609375 0.708333 0.09375 0.166667
4 0.158594 0.282292 0.110937 0.222917
2 0.053125 0.259375 0.10625 0.20625
4 0.257812 0.284375 0.1125 0.23125
3 0.529688 0.917708 0.09375 0.164583
15 0.771094 0.913542 0.0953125 0.15625
3 0.4375 0.917708 0.09375 0.160417
7 0.577344 0.291667 0.104687 0.220833
22 0.292188 0.06875 0.1125 0.1375
22 0.395312 0.06875 0.10625 0.1375
12 0.258594 0.929167 0.0828125 0.141667
11 0.538281 0.717708 0.0921875 0.15625
0 0.44375 0.70625 0.090625 0.1625
0 0.348437 0.709375 0.090625 0.164583
11 0.633594 0.720833 0.0921875 0.158333
26 0.3375 0.514583 0.1 0.183333
26 0.446875 0.514583 0.096875 0.179167
9 0.871875 0.788542 0.121875 0.19375
3 0.986719 0.895833 0.0265625 0.208333
9 0.0101562 0.715625 0.0203125 0.177083
20 0.252344 0.725 0.0859375 0.1625
20 0.153906 0.711458 0.0921875 0.164583
21 0.0796875 0.0635417 0.10625 0.127083
9 0.139062 0.509375 0.096875 0.172917
24 0.100781 0.8625 0.0828125 0.145833
16 0.720312 0.075 0.11875 0.15
9 0.234375 0.535417 0.1 0.179167
16 0.830469 0.0802083 0.120312 0.160417
5 0.359375 0.261458 0.1 0.185417
5 0.471094 0.26875 0.104687 0.195833
18 0.755469 0.508333 0.107813 0.1875
9 0.0398437 0.525 0.0796875 0.1625
14 0.682813 0.892708 0.09375 0.202083
12 0.167187 0.920833 0.090625 0.154167
21 0.182031 0.0708333 0.120312 0.141667
19 0.814844 0.276042 0.110937 0.19375
24 0.03125 0.909375 0.0625 0.16875
7 0.694531 0.29375 0.110937 0.233333
1 0.724219 0.707292 0.0984375 0.16875
17 0.496875 0.0645833 0.115625 0.129167
8 0.651563 0.541667 0.1 0.208333
8 0.547656 0.539583 0.0984375 0.208333
17 0.607031 0.065625 0.110937 0.13125
3 0.345313 0.915625 0.1 0.164583
9 0.0609375 0.708333 0.09375 0.166667
4 0.158594 0.282292 0.110937 0.222917
2 0.053125 0.259375 0.10625 0.20625
4 0.257812 0.284375 0.1125 0.23125
3 0.529688 0.917708 0.09375 0.164583
15 0.771094 0.913542 0.0953125 0.15625
3 0.4375 0.917708 0.09375 0.160417
7 0.577344 0.291667 0.104687 0.220833
22 0.292188 0.06875 0.1125 0.1375
22 0.395312 0.06875 0.10625 0.1375
12 0.258594 0.929167 0.0828125 0.141667
11 0.538281 0.717708 0.0921875 0.15625
0 0.44375 0.70625 0.090625 0.1625
0 0.348437 0.709375 0.090625 0.164583
11 0.633594 0.720833 0.0921875 0.158333
26 0.3375 0.514583 0.1 0.183333
26 0.446875 0.514583 0.096875 0.179167
24 0.0984375 0.859375 0.0875 0.160417
21 0.191406 0.065625 0.129688 0.13125
24 0.979688 0.980208 0.040625 0.0395833
21 0.0867188 0.0729167 0.123438 0.141667
10 0.254687 0.729167 0.10625 0.179167
9 0.00859375 0.719792 0.0171875 0.152083
24 0.0320312 0.90625 0.0640625 0.183333
10 0.155469 0.716667 0.0828125 0.145833
8 0.549219 0.529167 0.0953125 0.195833
8 0.650781 0.515625 0.104687 0.19375
5 0.367188 0.273958 0.10625 0.197917
5 0.474219 0.270833 0.107813 0.195833
17 0.5 0.0645833 0.115625 0.129167
19 0.814062 0.283333 0.115625 0.204167
14 0.683594 0.896875 0.0921875 0.189583
9 0.0484375 0.529167 0.090625 0.1625
16 0.721094 0.0760417 0.117188 0.147917
12 0.166406 0.913542 0.0921875 0.160417
17 0.611719 0.06875 0.117188 0.1375
18 0.757031 0.509375 0.107813 0.189583
9 0.234375 0.535417 0.103125 0.179167
16 0.828906 0.08125 0.129688 0.1625
1 0.725 0.707292 0.096875 0.164583
9 0.140625 0.508333 0.103125 0.183333
7 0.577344 0.29375 0.104687 0.216667
7 0.695312 0.292708 0.10625 0.222917
4 0.258594 0.283333 0.104687 0.220833
2 0.053125 0.260417 0.1 0.191667
15 0.771094 0.913542 0.0953125 0.15625
4 0.158594 0.28125 0.104687 0.216667
12 0.259375 0.926042 0.0875 0.147917
0 0.35 0.709375 0.096875 0.172917
9 0.0601562 0.709375 0.0921875 0.164583
3 0.435937 0.91875 0.09375 0.158333
3 0.529688 0.917708 0.09375 0.164583
22 0.397656 0.0697917 0.110937 0.139583
3 0.34375 0.915625 0.1 0.164583
22 0.29375 0.06875 0.10625 0.1375
11 0.5375 0.71875 0.090625 0.154167
11 0.634375 0.719792 0.090625 0.15625
0 0.44375 0.70625 0.09375 0.1625
26 0.3375 0.517708 0.1 0.18125
26 0.449219 0.516667 0.0984375 0.179167
24 0.0976562 0.854167 0.0921875 0.1625
20 0.251563 0.701042 0.103125 0.18125
21 0.184375 0.0729167 0.11875 0.145833
18 0.986719 0.761458 0.0265625 0.18125
10 0.234375 0.5375 0.103125 0.183333
20 0.153906 0.707292 0.0921875 0.160417
9 0.009375 0.715625 0.01875 0.164583
5 0.473437 0.271875 0.109375 0.202083
9 0.0414063 0.526042 0.0828125 0.172917
17 0.494531 0.0666667 0.123438 0.133333
17 0.611719 0.0708333 0.114063 0.141667
7 0.696094 0.283333 0.123438 0.245833
8 0.550781 0.540625 0.0984375 0.197917
5 0.367969 0.270833 0.107813 0.2
19 0.814062 0.283333 0.121875 0.208333
16 0.725 0.075 0.1125 0.15
18 0.75625 0.509375 0.1125 0.197917
12 0.167969 0.9125 0.0984375 0.170833
14 0.680469 0.890625 0.0953125 0.197917
16 0.829687 0.08125 0.121875 0.1625
2 0.05625 0.258333 0.10625 0.2
24 0.0304688 0.90625 0.0609375 0.166667
8 0.651563 0.540625 0.096875 0.197917
9 0.140625 0.507292 0.10625 0.189583
4 0.160156 0.284375 0.104687 0.222917
15 0.771875 0.913542 0.096875 0.15625
4 0.260156 0.285417 0.107813 0.229167
7 0.576563 0.292708 0.103125 0.222917
1 0.725781 0.704167 0.0984375 0.170833
12 0.259375 0.926042 0.0875 0.147917
3 0.345313 0.914583 0.09375 0.1625
3 0.528906 0.917708 0.0984375 0.164583
9 0.0601562 0.709375 0.0921875 0.160417
22 0.292969 0.0677083 0.107813 0.135417
3 0.436719 0.919792 0.0921875 0.15625
22 0.396875 0.06875 0.109375 0.1375
11 0.539062 0.717708 0.090625 0.15625
0 0.349219 0.709375 0.0953125 0.16875
11 0.635938 0.719792 0.090625 0.152083
0 0.444531 0.707292 0.0921875 0.160417
26 0.3375 0.516667 0.1 0.179167
26 0.447656 0.514583 0.0984375 0.179167
6 0.854688 0.771875 0.121875 0.20625
24 0.0960938 0.857292 0.0984375 0.160417
20 0.234375 0.5375 0.103125 0.1875
20 0.252344 0.730208 0.0921875 0.177083
20 0.154687 0.717708 0.0875 0.160417
14 0.679688 0.896875 0.0875 0.177083
24 0.03125 0.9 0.0625 0.1625
7 0.69375 0.269792 0.1125 0.227083
5 0.363281 0.259375 0.101562 0.189583
9 0.040625 0.527083 0.08125 0.170833
12 0.167187 0.905208 0.09375 0.160417
18 0.757031 0.510417 0.114063 0.2
9 0.136719 0.509375 0.101562 0.18125
5 0.465625 0.261458 0.103125 0.19375
1 0.724219 0.702083 0.0984375 0.166667
16 0.724219 0.0791667 0.114063 0.158333
16 0.828125 0.08125 0.11875 0.1625
8 0.652344 0.536458 0.101562 0.20625
4 0.160156 0.297917 0.104687 0.2125
17 0.496875 0.0645833 0.115625 0.129167
15 0.769531 0.907292 0.0984375 0.160417
21 0.0835937 0.0677083 0.107813 0.135417
19 0.813281 0.280208 0.114063 0.202083
21 0.183594 0.071875 0.114063 0.14375
2 0.05625 0.257292 0.10625 0.20625
4 0.261719 0.304167 0.110937 0.220833
17 0.610156 0.0677083 0.117188 0.135417
8 0.548437 0.544792 0.1 0.202083
7 0.576563 0.291667 0.103125 0.225
3 0.4375 0.915625 0.09375 0.15625
12 0.260156 0.928125 0.0828125 0.14375
9 0.0585938 0.707292 0.0921875 0.15625
3 0.342969 0.915625 0.0953125 0.164583
22 0.292969 0.0697917 0.110937 0.139583
3 0.529688 0.917708 0.1 0.164583
0 0.44375 0.70625 0.0875 0.158333
11 0.635156 0.71875 0.0890625 0.154167
22 0.396094 0.06875 0.107813 0.1375
11 0.539062 0.719792 0.090625 0.15625
0 0.349219 0.709375 0.0953125 0.16875
26 0.336719 0.516667 0.0984375 0.183333
26 0.446875 0.514583 0.096875 0.179167
18 0.986719 0.758333 0.0265625 0.216667
24 0.100781 0.861458 0.0859375 0.15625
9 0.234375 0.534375 0.1 0.18125
20 0.153125 0.7125 0.0875 0.1625
9 0.040625 0.514583 0.08125 0.166667
17 0.496875 0.0635417 0.115625 0.127083
8 0.651563 0.522917 0.103125 0.204167
9 0.140625 0.520833 0.096875 0.170833
7 0.696094 0.279167 0.110937 0.225
17 0.610937 0.065625 0.115625 0.11875
5 0.364844 0.264583 0.104687 0.1875
14 0.679688 0.9 0.09375 0.191667
16 0.71875 0.0833333 0.109375 0.154167
8 0.549219 0.539583 0.101562 0.204167
16 0.828125 0.0854167 0.121875 0.170833
19 0.814062 0.272917 0.1125 0.195833
18 0.757031 0.510417 0.117188 0.2
4 0.161719 0.29375 0.107813 0.2125
5 0.469531 0.264583 0.101562 0.1875
21 0.0820312 0.06875 0.117188 0.1375
12 0.167969 0.910417 0.0921875 0.158333
20 0.251563 0.723958 0.090625 0.172917
24 0.03125 0.910417 0.0625 0.179167
21 0.182812 0.06875 0.11875 0.1375
15 0.771094 0.909375 0.101562 0.164583
4 0.260938 0.286458 0.109375 0.222917
9 0.0585938 0.707292 0.0921875 0.160417
2 0.0554687 0.257292 0.104687 0.20625
7 0.575 0.292708 0.10625 0.23125
1 0.724219 0.70625 0.0984375 0.170833
22 0.29375 0.06875 0.1125 0.1375
12 0.260156 0.926042 0.0859375 0.139583
3 0.4375 0.917708 0.09375 0.15625
22 0.397656 0.06875 0.114063 0.1375
3 0.345313 0.915625 0.096875 0.160417
3 0.528906 0.917708 0.0984375 0.164583
0 0.44375 0.708333 0.090625 0.158333
0 0.35 0.707292 0.09375 0.16875
11 0.538281 0.71875 0.0890625 0.154167
11 0.633594 0.721875 0.0921875 0.160417
26 0.336719 0.517708 0.0984375 0.18125
26 0.446875 0.514583 0.096875 0.179167
1 0.985156 0.895833 0.0296875 0.208333
18 0.986719 0.758333 0.0265625 0.216667
9 0.234375 0.534375 0.1 0.18125
20 0.153125 0.7125 0.0875 0.1625
24 0.102344 0.85625 0.101562 0.175
9 0.040625 0.514583 0.08125 0.166667
17 0.496875 0.0635417 0.115625 0.127083
8 0.651563 0.522917 0.103125 0.204167
9 0.140625 0.520833 0.096875 0.170833
7 0.696094 0.279167 0.110937 0.225
17 0.610937 0.065625 0.115625 0.11875
5 0.364844 0.264583 0.104687 0.1875
14 0.679688 0.9 0.09375 0.191667
16 0.71875 0.0833333 0.109375 0.154167
8 0.549219 0.539583 0.101562 0.204167
16 0.828125 0.0854167 0.121875 0.170833
19 0.814062 0.272917 0.1125 0.195833
18 0.757031 0.510417 0.117188 0.2
4 0.161719 0.29375 0.107813 0.2125
5 0.469531 0.264583 0.101562 0.1875
21 0.0820312 0.06875 0.117188 0.1375
12 0.167969 0.910417 0.0921875 0.158333
20 0.251563 0.723958 0.090625 0.172917
24 0.03125 0.910417 0.0625 0.179167
21 0.182812 0.06875 0.11875 0.1375
15 0.771094 0.909375 0.101562 0.164583
4 0.260938 0.286458 0.109375 0.222917
9 0.0585938 0.707292 0.0921875 0.160417
2 0.0554687 0.257292 0.104687 0.20625
7 0.575 0.292708 0.10625 0.23125
1 0.724219 0.70625 0.0984375 0.170833
22 0.29375 0.06875 0.1125 0.1375
12 0.260156 0.926042 0.0859375 0.139583
3 0.4375 0.917708 0.09375 0.15625
22 0.397656 0.06875 0.114063 0.1375
3 0.345313 0.915625 0.096875 0.160417
3 0.528906 0.917708 0.0984375 0.164583
0 0.44375 0.708333 0.090625 0.158333
0 0.35 0.707292 0.09375 0.16875
11 0.538281 0.71875 0.0890625 0.154167
11 0.633594 0.721875 0.0921875 0.160417
26 0.336719 0.517708 0.0984375 0.18125
26 0.446875 0.514583 0.096875 0.179167
9 0.871875 0.788542 0.121875 0.19375
3 0.986719 0.895833 0.0265625 0.208333
9 0.0101562 0.715625 0.0203125 0.177083
20 0.252344 0.725 0.0859375 0.1625
20 0.153906 0.711458 0.0921875 0.164583
21 0.0796875 0.0635417 0.10625 0.127083
9 0.139062 0.509375 0.096875 0.172917
24 0.100781 0.8625 0.0828125 0.145833
16 0.720312 0.075 0.11875 0.15
9 0.234375 0.535417 0.1 0.179167
16 0.830469 0.0802083 0.120312 0.160417
5 0.359375 0.261458 0.1 0.185417
5 0.471094 0.26875 0.104687 0.195833
18 0.755469 0.508333 0.107813 0.1875
9 0.0398437 0.525 0.0796875 0.1625
14 0.682813 0.892708 0.09375 0.202083
12 0.167187 0.920833 0.090625 0.154167
21 0.182031 0.0708333 0.120312 0.141667
19 0.814844 0.276042 0.110937 0.19375
24 0.03125 0.909375 0.0625 0.16875
7 0.694531 0.29375 0.110937 0.233333
1 0.724219 0.707292 0.0984375 0.16875
17 0.496875 0.0645833 0.115625 0.129167
8 0.651563 0.541667 0.1 0.208333
8 0.547656 0.539583 0.0984375 0.208333
17 0.607031 0.065625 0.110937 0.13125
3 0.345313 0.915625 0.1 0.164583
9 0.0609375 0.708333 0.09375 0.166667
4 0.158594 0.282292 0.110937 0.222917
2 0.053125 0.259375 0.10625 0.20625
4 0.257812 0.284375 0.1125 0.23125
3 0.529688 0.917708 0.09375 0.164583
15 0.771094 0.913542 0.0953125 0.15625
3 0.4375 0.917708 0.09375 0.160417
7 0.577344 0.291667 0.104687 0.220833
22 0.292188 0.06875 0.1125 0.1375
22 0.395312 0.06875 0.10625 0.1375
12 0.258594 0.929167 0.0828125 0.141667
11 0.538281 0.717708 0.0921875 0.15625
0 0.44375 0.70625 0.090625 0.1625
0 0.348437 0.709375 0.090625 0.164583
11 0.633594 0.720833 0.0921875 0.158333
26 0.3375 0.514583 0.1 0.183333
26 0.446875 0.514583 0.096875 0.179167
3 0.986719 0.895833 0.0265625 0.208333
9 0.0101562 0.715625 0.0203125 0.177083
20 0.252344 0.725 0.0859375 0.1625
20 0.153906 0.711458 0.0921875 0.164583
21 0.0796875 0.0635417 0.10625 0.127083
9 0.139062 0.509375 0.096875 0.172917
24 0.100781 0.8625 0.0828125 0.145833
16 0.720312 0.075 0.11875 0.15
9 0.234375 0.535417 0.1 0.179167
16 0.830469 0.0802083 0.120312 0.160417
5 0.359375 0.261458 0.1 0.185417
5 0.471094 0.26875 0.104687 0.195833
18 0.755469 0.508333 0.107813 0.1875
9 0.0398437 0.525 0.0796875 0.1625
14 0.682813 0.892708 0.09375 0.202083
12 0.167187 0.920833 0.090625 0.154167
21 0.182031 0.0708333 0.120312 0.141667
19 0.814844 0.276042 0.110937 0.19375
24 0.03125 0.909375 0.0625 0.16875
7 0.694531 0.29375 0.110937 0.233333
1 0.724219 0.707292 0.0984375 0.16875
17 0.496875 0.0645833 0.115625 0.129167
8 0.651563 0.541667 0.1 0.208333
8 0.547656 0.539583 0.0984375 0.208333
17 0.607031 0.065625 0.110937 0.13125
3 0.345313 0.915625 0.1 0.164583
9 0.0609375 0.708333 0.09375 0.166667
4 0.158594 0.282292 0.110937 0.222917
2 0.053125 0.259375 0.10625 0.20625
4 0.257812 0.284375 0.1125 0.23125
3 0.529688 0.917708 0.09375 0.164583
15 0.771094 0.913542 0.0953125 0.15625
3 0.4375 0.917708 0.09375 0.160417
7 0.577344 0.291667 0.104687 0.220833
22 0.292188 0.06875 0.1125 0.1375
22 0.395312 0.06875 0.10625 0.1375
12 0.258594 0.929167 0.0828125 0.141667
11 0.538281 0.717708 0.0921875 0.15625
0 0.44375 0.70625 0.090625 0.1625
0 0.348437 0.709375 0.090625 0.164583
11 0.633594 0.720833 0.0921875 0.158333
26 0.3375 0.514583 0.1 0.183333
26 0.446875 0.514583 0.096875 0.179167
9 0.871875 0.788542 0.121875 0.19375
3 0.986719 0.895833 0.0265625 0.208333
9 0.0101562 0.715625 0.0203125 0.177083
20 0.252344 0.725 0.0859375 0.1625
20 0.153906 0.711458 0.0921875 0.164583
21 0.0796875 0.0635417 0.10625 0.127083
9 0.139062 0.509375 0.096875 0.172917
24 0.100781 0.8625 0.0828125 0.145833
16 0.720312 0.075 0.11875 0.15
9 0.234375 0.535417 0.1 0.179167
16 0.830469 0.0802083 0.120312 0.160417
5 0.359375 0.261458 0.1 0.185417
5 0.471094 0.26875 0.104687 0.195833
18 0.755469 0.508333 0.107813 0.1875
9 0.0398437 0.525 0.0796875 0.1625
14 0.682813 0.892708 0.09375 0.202083
12 0.167187 0.920833 0.090625 0.154167
21 0.182031 0.0708333 0.120312 0.141667
19 0.814844 0.276042 0.110937 0.19375
24 0.03125 0.909375 0.0625 0.16875
7 0.694531 0.29375 0.110937 0.233333
1 0.724219 0.707292 0.0984375 0.16875
17 0.496875 0.0645833 0.115625 0.129167
8 0.651563 0.541667 0.1 0.208333
8 0.547656 0.539583 0.0984375 0.208333
17 0.607031 0.065625 0.110937 0.13125
3 0.345313 0.915625 0.1 0.164583
9 0.0609375 0.708333 0.09375 0.166667
4 0.158594 0.282292 0.110937 0.222917
2 0.053125 0.259375 0.10625 0.20625
4 0.257812 0.284375 0.1125 0.23125
3 0.529688 0.917708 0.09375 0.164583
15 0.771094 0.913542 0.0953125 0.15625
3 0.4375 0.917708 0.09375 0.160417
7 0.577344 0.291667 0.104687 0.220833
22 0.292188 0.06875 0.1125 0.1375
22 0.395312 0.06875 0.10625 0.1375
12 0.258594 0.929167 0.0828125 0.141667
11 0.538281 0.717708 0.0921875 0.15625
0 0.44375 0.70625 0.090625 0.1625
0 0.348437 0.709375 0.090625 0.164583
11 0.633594 0.720833 0.0921875 0.158333
26 0.3375 0.514583 0.1 0.183333
26 0.446875 0.514583 0.096875 0.179167
9 0.871875 0.788542 0.121875 0.19375
3 0.986719 0.895833 0.0265625 0.208333
9 0.0101562 0.715625 0.0203125 0.177083
20 0.252344 0.725 0.0859375 0.1625
20 0.153906 0.711458 0.0921875 0.164583
21 0.0796875 0.0635417 0.10625 0.127083
9 0.139062 0.509375 0.096875 0.172917
24 0.100781 0.8625 0.0828125 0.145833
16 0.720312 0.075 0.11875 0.15
9 0.234375 0.535417 0.1 0.179167
16 0.830469 0.0802083 0.120312 0.160417
5 0.359375 0.261458 0.1 0.185417
5 0.471094 0.26875 0.104687 0.195833
18 0.755469 0.508333 0.107813 0.1875
9 0.0398437 0.525 0.0796875 0.1625
14 0.682813 0.892708 0.09375 0.202083
12 0.167187 0.920833 0.090625 0.154167
21 0.182031 0.0708333 0.120312 0.141667
19 0.814844 0.276042 0.110937 0.19375
24 0.03125 0.909375 0.0625 0.16875
7 0.694531 0.29375 0.110937 0.233333
1 0.724219 0.707292 0.0984375 0.16875
17 0.496875 0.0645833 0.115625 0.129167
8 0.651563 0.541667 0.1 0.208333
8 0.547656 0.539583 0.0984375 0.208333
17 0.607031 0.065625 0.110937 0.13125
3 0.345313 0.915625 0.1 0.164583
9 0.0609375 0.708333 0.09375 0.166667
4 0.158594 0.282292 0.110937 0.222917
2 0.053125 0.259375 0.10625 0.20625
4 0.257812 0.284375 0.1125 0.23125
3 0.529688 0.917708 0.09375 0.164583
15 0.771094 0.913542 0.0953125 0.15625
3 0.4375 0.917708 0.09375 0.160417
7 0.577344 0.291667 0.104687 0.220833
22 0.292188 0.06875 0.1125 0.1375
22 0.395312 0.06875 0.10625 0.1375
12 0.258594 0.929167 0.0828125 0.141667
11 0.538281 0.717708 0.0921875 0.15625
0 0.44375 0.70625 0.090625 0.1625
0 0.348437 0.709375 0.090625 0.164583
11 0.633594 0.720833 0.0921875 0.158333
26 0.3375 0.514583 0.1 0.183333
26 0.446875 0.514583 0.096875 0.179167
9 0.871875 0.788542 0.121875 0.19375
3 0.986719 0.895833 0.0265625 0.208333
9 0.0101562 0.715625 0.0203125 0.177083
20 0.252344 0.725 0.0859375 0.1625
20 0.153906 0.711458 0.0921875 0.164583
21 0.0796875 0.0635417 0.10625 0.127083
9 0.139062 0.509375 0.096875 0.172917
24 0.100781 0.8625 0.0828125 0.145833
16 0.720312 0.075 0.11875 0.15
9 0.234375 0.535417 0.1 0.179167
16 0.830469 0.0802083 0.120312 0.160417
5 0.359375 0.261458 0.1 0.185417
5 0.471094 0.26875 0.104687 0.195833
18 0.755469 0.508333 0.107813 0.1875
9 0.0398437 0.525 0.0796875 0.1625
14 0.682813 0.892708 0.09375 0.202083
12 0.167187 0.920833 0.090625 0.154167
21 0.182031 0.0708333 0.120312 0.141667
19 0.814844 0.276042 0.110937 0.19375
24 0.03125 0.909375 0.0625 0.16875
7 0.694531 0.29375 0.110937 0.233333
1 0.724219 0.707292 0.0984375 0.16875
17 0.496875 0.0645833 0.115625 0.129167
8 0.651563 0.541667 0.1 0.208333
8 0.547656 0.539583 0.0984375 0.208333
17 0.607031 0.065625 0.110937 0.13125
3 0.345313 0.915625 0.1 0.164583
9 0.0609375 0.708333 0.09375 0.166667
4 0.158594 0.282292 0.110937 0.222917
2 0.053125 0.259375 0.10625 0.20625
4 0.257812 0.284375 0.1125 0.23125
3 0.529688 0.917708 0.09375 0.164583
15 0.771094 0.913542 0.0953125 0.15625
3 0.4375 0.917708 0.09375 0.160417
7 0.577344 0.291667 0.104687 0.220833
22 0.292188 0.06875 0.1125 0.1375
22 0.395312 0.06875 0.10625 0.1375
12 0.258594 0.929167 0.0828125 0.141667
11 0.538281 0.717708 0.0921875 0.15625
0 0.44375 0.70625 0.090625 0.1625
0 0.348437 0.709375 0.090625 0.164583
11 0.633594 0.720833 0.0921875 0.158333
26 0.3375 0.514583 0.1 0.183333
26 0.446875 0.514583 0.096875 0.179167
9 0.871875 0.788542 0.121875 0.19375
3 0.986719 0.895833 0.0265625 0.208333
9 0.0101562 0.715625 0.0203125 0.177083
20 0.252344 0.725 0.0859375 0.1625
20 0.153906 0.711458 0.0921875 0.164583
21 0.0796875 0.0635417 0.10625 0.127083
9 0.139062 0.509375 0.096875 0.172917
24 0.100781 0.8625 0.0828125 0.145833
16 0.720312 0.075 0.11875 0.15
9 0.234375 0.535417 0.1 0.179167
16 0.830469 0.0802083 0.120312 0.160417
5 0.359375 0.261458 0.1 0.185417
5 0.471094 0.26875 0.104687 0.195833
18 0.755469 0.508333 0.107813 0.1875
9 0.0398437 0.525 0.0796875 0.1625
14 0.682813 0.892708 0.09375 0.202083
12 0.167187 0.920833 0.090625 0.154167
21 0.182031 0.0708333 0.120312 0.141667
19 0.814844 0.276042 0.110937 0.19375
24 0.03125 0.909375 0.0625 0.16875
7 0.694531 0.29375 0.110937 0.233333
1 0.724219 0.707292 0.0984375 0.16875
17 0.496875 0.0645833 0.115625 0.129167
8 0.651563 0.541667 0.1 0.208333
8 0.547656 0.539583 0.0984375 0.208333
17 0.607031 0.065625 0.110937 0.13125
3 0.345313 0.915625 0.1 0.164583
9 0.0609375 0.708333 0.09375 0.166667
4 0.158594 0.282292 0.110937 0.222917
2 0.053125 0.259375 0.10625 0.20625
4 0.257812 0.284375 0.1125 0.23125
3 0.529688 0.917708 0.09375 0.164583
15 0.771094 0.913542 0.0953125 0.15625
3 0.4375 0.917708 0.09375 0.160417
7 0.577344 0.291667 0.104687 0.220833
22 0.292188 0.06875 0.1125 0.1375
22 0.395312 0.06875 0.10625 0.1375
12 0.258594 0.929167 0.0828125 0.141667
11 0.538281 0.717708 0.0921875 0.15625
0 0.44375 0.70625 0.090625 0.1625
0 0.348437 0.709375 0.090625 0.164583
11 0.633594 0.720833 0.0921875 0.158333
26 0.3375 0.514583 0.1 0.183333
26 0.446875 0.514583 0.096875 0.179167
9 0.871875 0.788542 0.121875 0.19375
24 0.976562 0.973958 0.046875 0.0479167
18 0.9875 0.755208 0.025 0.21875
3 0.986719 0.895833 0.0265625 0.208333
9 0.0234375 0.721875 0.040625 0.160417
9 0.0101562 0.715625 0.0203125 0.177083
20 0.252344 0.725 0.0859375 0.1625
20 0.153906 0.711458 0.0921875 0.164583
21 0.0796875 0.0635417 0.10625 0.127083
9 0.139062 0.509375 0.096875 0.172917
24 0.100781 0.8625 0.0828125 0.145833
16 0.720312 0.075 0.11875 0.15
9 0.234375 0.535417 0.1 0.179167
16 0.830469 0.0802083 0.120312 0.160417
5 0.359375 0.261458 0.1 0.185417
5 0.471094 0.26875 0.104687 0.195833
18 0.755469 0.508333 0.107813 0.1875
9 0.0398437 0.525 0.0796875 0.1625
14 0.682813 0.892708 0.09375 0.202083
12 0.167187 0.920833 0.090625 0.154167
21 0.182031 0.0708333 0.120312 0.141667
19 0.814844 0.276042 0.110937 0.19375
24 0.03125 0.909375 0.0625 0.16875
7 0.694531 0.29375 0.110937 0.233333
1 0.724219 0.707292 0.0984375 0.16875
17 0.496875 0.0645833 0.115625 0.129167
8 0.651563 0.541667 0.1 0.208333
8 0.547656 0.539583 0.0984375 0.208333
17 0.607031 0.065625 0.110937 0.13125
3 0.345313 0.915625 0.1 0.164583
9 0.0609375 0.708333 0.09375 0.166667
4 0.158594 0.282292 0.110937 0.222917
2 0.053125 0.259375 0.10625 0.20625
4 0.257812 0.284375 0.1125 0.23125
3 0.529688 0.917708 0.09375 0.164583
15 0.771094 0.913542 0.0953125 0.15625
3 0.4375 0.917708 0.09375 0.160417
7 0.577344 0.291667 0.104687 0.220833
22 0.292188 0.06875 0.1125 0.1375
22 0.395312 0.06875 0.10625 0.1375
12 0.258594 0.929167 0.0828125 0.141667
11 0.538281 0.717708 0.0921875 0.15625
0 0.44375 0.70625 0.090625 0.1625
0 0.348437 0.709375 0.090625 0.164583
11 0.633594 0.720833 0.0921875 0.158333
26 0.3375 0.514583 0.1 0.183333
26 0.446875 0.514583 0.096875 0.179167
9 0.871875 0.788542 0.121875 0.19375
24 0.976562 0.973958 0.046875 0.0479167
18 0.9875 0.755208 0.025 0.21875
3 0.986719 0.895833 0.0265625 0.208333
9 0.0101562 0.715625 0.0203125 0.177083
20 0.252344 0.725 0.0859375 0.1625
20 0.153906 0.711458 0.0921875 0.164583
21 0.0796875 0.0635417 0.10625 0.127083
9 0.139062 0.509375 0.096875 0.172917
24 0.100781 0.8625 0.0828125 0.145833
16 0.720312 0.075 0.11875 0.15
9 0.234375 0.535417 0.1 0.179167
16 0.830469 0.0802083 0.120312 0.160417
5 0.359375 0.261458 0.1 0.185417
5 0.471094 0.26875 0.104687 0.195833
18 0.755469 0.508333 0.107813 0.1875
9 0.0398437 0.525 0.0796875 0.1625
14 0.682813 0.892708 0.09375 0.202083
12 0.167187 0.920833 0.090625 0.154167
21 0.182031 0.0708333 0.120312 0.141667
19 0.814844 0.276042 0.110937 0.19375
24 0.03125 0.909375 0.0625 0.16875
7 0.694531 0.29375 0.110937 0.233333
1 0.724219 0.707292 0.0984375 0.16875
17 0.496875 0.0645833 0.115625 0.129167
8 0.651563 0.541667 0.1 0.208333
8 0.547656 0.539583 0.0984375 0.208333
17 0.607031 0.065625 0.110937 0.13125
3 0.345313 0.915625 0.1 0.164583
9 0.0609375 0.708333 0.09375 0.166667
4 0.158594 0.282292 0.110937 0.222917
2 0.053125 0.259375 0.10625 0.20625
4 0.257812 0.284375 0.1125 0.23125
3 0.529688 0.917708 0.09375 0.164583
15 0.771094 0.913542 0.0953125 0.15625
3 0.4375 0.917708 0.09375 0.160417
7 0.577344 0.291667 0.104687 0.220833
22 0.292188 0.06875 0.1125 0.1375
22 0.395312 0.06875 0.10625 0.1375
12 0.258594 0.929167 0.0828125 0.141667
11 0.538281 0.717708 0.0921875 0.15625
0 0.44375 0.70625 0.090625 0.1625
0 0.348437 0.709375 0.090625 0.164583
11 0.633594 0.720833 0.0921875 0.158333
26 0.3375 0.514583 0.1 0.183333
26 0.446875 0.514583 0.096875 0.179167
