23 0.180829 0.228051 0.129916 0.456103
23 0.522823 0.284797 0.132725 0.518201
23 0.342697 0.441114 0.144663 0.582441
8 0.856742 0.491435 0.132022 0.550321
23 0.434691 0.494647 0.141854 0.591006
23 0.432935 0.237687 0.13132 0.475375
23 0.170997 0.433619 0.195927 0.768737
8 0.873244 0.513919 0.216994 0.942184
23 0.0870787 0.398287 0.174157 0.753747
26 0.653792 0.445396 0.219101 0.8394
24 0.396067 0.480728 0.247191 0.944326
24 0.130969 0.5 0.254916 1
25 0.88448 0.497859 0.231039 0.957173
24 0.385885 0.496788 0.24368 0.993576
26 0.649579 0.477516 0.233146 0.950749
24 0.130969 0.5 0.254916 1
25 0.88448 0.497859 0.231039 0.957173
24 0.385885 0.496788 0.24368 0.993576
26 0.649579 0.477516 0.233146 0.950749
24 0.130969 0.5 0.254916 1
25 0.88448 0.497859 0.231039 0.957173
24 0.385885 0.496788 0.24368 0.993576
26 0.649579 0.477516 0.233146 0.950749
24 0.130969 0.5 0.254916 1
25 0.88448 0.497859 0.231039 0.957173
24 0.385885 0.496788 0.24368 0.993576
26 0.649579 0.477516 0.233146 0.950749
24 0.130969 0.5 0.254916 1
25 0.88448 0.497859 0.231039 0.957173
24 0.385885 0.496788 0.24368 0.993576
26 0.649579 0.477516 0.233146 0.950749
8 0.873244 0.513919 0.216994 0.942184
23 0.0870787 0.398287 0.174157 0.753747
26 0.653792 0.445396 0.219101 0.8394
24 0.396067 0.480728 0.247191 0.944326
24 0.137992 0.508565 0.250702 0.982869
26 0.647472 0.48394 0.238764 0.937901
25 0.884831 0.508565 0.228933 0.952891
24 0.390449 0.503212 0.242978 0.955032
25 0.884129 0.496788 0.231742 0.976445
24 0.132725 0.493576 0.25 0.987152
26 0.648876 0.48394 0.234551 0.96788
24 0.38764 0.492505 0.234551 0.985011
25 0.883778 0.497859 0.232444 0.952891
24 0.129565 0.488223 0.249298 0.976445
24 0.386938 0.482869 0.23736 0.965739
26 0.648876 0.478587 0.231742 0.957173
25 0.883778 0.497859 0.232444 0.952891
24 0.129565 0.488223 0.249298 0.976445
24 0.386938 0.482869 0.23736 0.965739
26 0.648876 0.478587 0.231742 0.957173
24 0.130969 0.5 0.254916 1
25 0.88448 0.497859 0.231039 0.957173
24 0.385885 0.496788 0.24368 0.993576
26 0.649579 0.477516 0.233146 0.950749
24 0.130969 0.5 0.254916 1
25 0.88448 0.497859 0.231039 0.957173
24 0.385885 0.496788 0.24368 0.993576
26 0.649579 0.477516 0.233146 0.950749
24 0.130969 0.5 0.254916 1
25 0.88448 0.497859 0.231039 0.957173
24 0.385885 0.496788 0.24368 0.993576
26 0.649579 0.477516 0.233146 0.950749
24 0.130969 0.5 0.254916 1
25 0.88448 0.497859 0.231039 0.957173
24 0.385885 0.496788 0.24368 0.993576
26 0.649579 0.477516 0.233146 0.950749
24 0.130969 0.5 0.254916 1
25 0.88448 0.497859 0.231039 0.957173
24 0.385885 0.496788 0.24368 0.993576
26 0.649579 0.477516 0.233146 0.950749
24 0.130969 0.5 0.254916 1
25 0.88448 0.497859 0.231039 0.957173
24 0.385885 0.496788 0.24368 0.993576
26 0.649579 0.477516 0.233146 0.950749
24 0.130969 0.5 0.254916 1
25 0.88448 0.497859 0.231039 0.957173
24 0.385885 0.496788 0.24368 0.993576
26 0.649579 0.477516 0.233146 0.950749
24 0.130969 0.5 0.254916 1
25 0.88448 0.497859 0.231039 0.957173
24 0.385885 0.496788 0.24368 0.993576
26 0.649579 0.477516 0.233146 0.950749
