14 0.843997 0.523539 0.140906 0.400974
24 0.0930985 0.604708 0.137311 0.426948
14 0.681884 0.741883 0.127247 0.373377
14 0.0794393 0.372565 0.135873 0.394481
2 0.182243 0.232955 0.130122 0.378247
11 0.357656 0.396916 0.233645 0.63474
6 0.141984 0.474026 0.23652 0.649351
1 0.608555 0.433442 0.23652 0.665584
1 0.846154 0.426948 0.23005 0.652597
11 0.367002 0.399351 0.222142 0.655844
0 0.129403 0.479708 0.248742 0.751623
1 0.848311 0.410714 0.227175 0.668831
1 0.607477 0.410714 0.238677 0.694805
11 0.367002 0.399351 0.222142 0.655844
0 0.129403 0.479708 0.248742 0.751623
1 0.848311 0.410714 0.227175 0.668831
1 0.607477 0.410714 0.238677 0.694805
11 0.367002 0.399351 0.222142 0.655844
0 0.129403 0.479708 0.248742 0.751623
1 0.848311 0.410714 0.227175 0.668831
1 0.607477 0.410714 0.238677 0.694805
11 0.367002 0.399351 0.222142 0.655844
0 0.129403 0.479708 0.248742 0.751623
1 0.848311 0.410714 0.227175 0.668831
1 0.607477 0.410714 0.238677 0.694805
11 0.367002 0.399351 0.222142 0.655844
0 0.129403 0.479708 0.248742 0.751623
1 0.848311 0.410714 0.227175 0.668831
1 0.607477 0.410714 0.238677 0.694805
11 0.357656 0.396916 0.233645 0.63474
6 0.141984 0.474026 0.23652 0.649351
1 0.608555 0.433442 0.23652 0.665584
1 0.846154 0.426948 0.23005 0.652597
0 0.132998 0.49026 0.254493 0.762987
1 0.365205 0.409903 0.238677 0.693182
1 0.845435 0.416396 0.231488 0.660714
1 0.607117 0.416396 0.23652 0.670455
11 0.365205 0.401786 0.224299 0.654221
1 0.608196 0.413149 0.234364 0.699675
1 0.84867 0.410714 0.22358 0.652597
0 0.129044 0.484578 0.249461 0.751623
11 0.372035 0.411526 0.229331 0.660714
0 0.128684 0.477273 0.248742 0.762987
1 0.612868 0.413149 0.227894 0.663961
1 0.850108 0.410714 0.222142 0.655844
11 0.372035 0.411526 0.229331 0.660714
0 0.128684 0.477273 0.248742 0.762987
1 0.612868 0.413149 0.227894 0.663961
1 0.850108 0.410714 0.222142 0.655844
11 0.367002 0.399351 0.222142 0.655844
0 0.129403 0.479708 0.248742 0.751623
1 0.848311 0.410714 0.227175 0.668831
1 0.607477 0.410714 0.238677 0.694805
11 0.367002 0.399351 0.222142 0.655844
0 0.129403 0.479708 0.248742 0.751623
1 0.848311 0.410714 0.227175 0.668831
1 0.607477 0.410714 0.238677 0.694805
11 0.367002 0.399351 0.222142 0.655844
0 0.129403 0.479708 0.248742 0.751623
1 0.848311 0.410714 0.227175 0.668831
1 0.607477 0.410714 0.238677 0.694805
11 0.367002 0.399351 0.222142 0.655844
0 0.129403 0.479708 0.248742 0.751623
1 0.848311 0.410714 0.227175 0.668831
1 0.607477 0.410714 0.238677 0.694805
11 0.367002 0.399351 0.222142 0.655844
0 0.129403 0.479708 0.248742 0.751623
1 0.848311 0.410714 0.227175 0.668831
1 0.607477 0.410714 0.238677 0.694805
11 0.367002 0.399351 0.222142 0.655844
0 0.129403 0.479708 0.248742 0.751623
1 0.848311 0.410714 0.227175 0.668831
1 0.607477 0.410714 0.238677 0.694805
11 0.367002 0.399351 0.222142 0.655844
0 0.129403 0.479708 0.248742 0.751623
1 0.848311 0.410714 0.227175 0.668831
1 0.607477 0.410714 0.238677 0.694805
11 0.367002 0.399351 0.222142 0.655844
0 0.129403 0.479708 0.248742 0.751623
1 0.848311 0.410714 0.227175 0.668831
1 0.607477 0.410714 0.238677 0.694805
