18 0.887726 0.255898 0.100361 0.341198
23 0.370397 0.453721 0.13574 0.417423
26 0.145126 0.38657 0.138628 0.442831
19 0.909386 0.366606 0.13213 0.399274
8 0.627798 0.434664 0.20722 0.69147
14 0.374007 0.42196 0.255596 0.84392
26 0.163899 0.353902 0.231047 0.707804
19 0.886282 0.358439 0.215884 0.647913
25 0.4 0.447368 0.277256 0.887477
25 0.638267 0.427405 0.255596 0.854809
26 0.14657 0.420145 0.267148 0.84029
19 0.887365 0.348457 0.21083 0.696915
25 0.4 0.447368 0.277256 0.887477
25 0.638267 0.427405 0.255596 0.854809
26 0.14657 0.420145 0.267148 0.84029
19 0.887365 0.348457 0.21083 0.696915
25 0.4 0.447368 0.277256 0.887477
25 0.638267 0.427405 0.255596 0.854809
26 0.14657 0.420145 0.267148 0.84029
19 0.887365 0.348457 0.21083 0.696915
25 0.4 0.447368 0.277256 0.887477
25 0.638267 0.427405 0.255596 0.854809
26 0.14657 0.420145 0.267148 0.84029
19 0.887365 0.348457 0.21083 0.696915
25 0.4 0.447368 0.277256 0.887477
25 0.638267 0.427405 0.255596 0.854809
26 0.14657 0.420145 0.267148 0.84029
19 0.887365 0.348457 0.21083 0.696915
8 0.627798 0.434664 0.20722 0.69147
14 0.374007 0.42196 0.255596 0.84392
26 0.163899 0.353902 0.231047 0.707804
19 0.886282 0.358439 0.215884 0.647913
8 0.410469 0.449183 0.257762 0.84029
8 0.647653 0.444646 0.255596 0.845735
26 0.155235 0.38657 0.244043 0.77314
19 0.88917 0.344828 0.218773 0.678766
25 0.401083 0.432849 0.26787 0.865699
25 0.640433 0.426497 0.245487 0.831216
26 0.140794 0.413793 0.259928 0.827586
19 0.887004 0.348457 0.208664 0.696915
25 0.400722 0.432849 0.262816 0.865699
25 0.636823 0.432849 0.254152 0.85118
26 0.147292 0.417423 0.25704 0.834846
19 0.889892 0.349365 0.211552 0.69873
25 0.400722 0.432849 0.262816 0.865699
25 0.636823 0.432849 0.254152 0.85118
26 0.147292 0.417423 0.25704 0.834846
19 0.889892 0.349365 0.211552 0.69873
25 0.4 0.447368 0.277256 0.887477
25 0.638267 0.427405 0.255596 0.854809
26 0.14657 0.420145 0.267148 0.84029
19 0.887365 0.348457 0.21083 0.696915
25 0.4 0.447368 0.277256 0.887477
25 0.638267 0.427405 0.255596 0.854809
26 0.14657 0.420145 0.267148 0.84029
19 0.887365 0.348457 0.21083 0.696915
25 0.4 0.447368 0.277256 0.887477
25 0.638267 0.427405 0.255596 0.854809
26 0.14657 0.420145 0.267148 0.84029
19 0.887365 0.348457 0.21083 0.696915
25 0.4 0.447368 0.277256 0.887477
25 0.638267 0.427405 0.255596 0.854809
26 0.14657 0.420145 0.267148 0.84029
19 0.887365 0.348457 0.21083 0.696915
25 0.4 0.447368 0.277256 0.887477
25 0.638267 0.427405 0.255596 0.854809
26 0.14657 0.420145 0.267148 0.84029
19 0.887365 0.348457 0.21083 0.696915
25 0.4 0.447368 0.277256 0.887477
25 0.638267 0.427405 0.255596 0.854809
26 0.14657 0.420145 0.267148 0.84029
19 0.887365 0.348457 0.21083 0.696915
25 0.4 0.447368 0.277256 0.887477
25 0.638267 0.427405 0.255596 0.854809
26 0.14657 0.420145 0.267148 0.84029
19 0.887365 0.348457 0.21083 0.696915
25 0.4 0.447368 0.277256 0.887477
25 0.638267 0.427405 0.255596 0.854809
26 0.14657 0.420145 0.267148 0.84029
19 0.887365 0.348457 0.21083 0.696915
