8 0.894707 0.441065 0.171171 0.787072
8 0.718187 0.445818 0.1875 0.834601
26 0.533221 0.375475 0.181306 0.731939
24 0.307432 0.44962 0.211712 0.891635
24 0.107827 0.446768 0.204392 0.882129
18 0.937782 0.126426 0.124437 0.252852
25 0.716216 0.445818 0.212838 0.891635
25 0.888795 0.425856 0.190878 0.840304
26 0.520552 0.420152 0.197635 0.840304
24 0.306588 0.423004 0.195383 0.838403
24 0.0990991 0.43346 0.198198 0.86692
25 0.716216 0.445818 0.212838 0.891635
25 0.888795 0.425856 0.190878 0.840304
26 0.520552 0.420152 0.197635 0.840304
24 0.306588 0.423004 0.195383 0.838403
24 0.0990991 0.43346 0.198198 0.86692
18 0.937782 0.126426 0.124437 0.252852
25 0.716216 0.445818 0.212838 0.891635
25 0.888795 0.425856 0.190878 0.840304
26 0.520552 0.420152 0.197635 0.840304
24 0.306588 0.423004 0.195383 0.838403
24 0.0990991 0.43346 0.198198 0.86692
25 0.716216 0.445818 0.212838 0.891635
25 0.888795 0.425856 0.190878 0.840304
26 0.520552 0.420152 0.197635 0.840304
24 0.306588 0.423004 0.195383 0.838403
24 0.0990991 0.43346 0.198198 0.86692
25 0.716216 0.445818 0.212838 0.891635
25 0.888795 0.425856 0.190878 0.840304
26 0.520552 0.420152 0.197635 0.840304
24 0.306588 0.423004 0.195383 0.838403
24 0.0990991 0.43346 0.198198 0.86692
8 0.894707 0.441065 0.171171 0.787072
8 0.718187 0.445818 0.1875 0.834601
26 0.533221 0.375475 0.181306 0.731939
24 0.307432 0.44962 0.211712 0.891635
24 0.107827 0.446768 0.204392 0.882129
25 0.713682 0.455323 0.206644 0.903042
25 0.8933 0.430608 0.184122 0.834601
24 0.30518 0.442015 0.209459 0.872624
24 0.10107 0.452471 0.197635 0.889734
26 0.520552 0.427757 0.198761 0.855513
25 0.712275 0.454373 0.212838 0.908745
25 0.893581 0.422053 0.184685 0.844106
24 0.0993806 0.431559 0.198761 0.863118
26 0.521115 0.418251 0.196509 0.836502
24 0.30518 0.420152 0.199324 0.840304
25 0.712838 0.451521 0.218468 0.903042
25 0.896678 0.420152 0.179617 0.840304
24 0.0996622 0.437262 0.198198 0.874525
26 0.521678 0.419202 0.194257 0.838403
24 0.307432 0.421103 0.193694 0.842205
25 0.712838 0.451521 0.218468 0.903042
25 0.896678 0.420152 0.179617 0.840304
24 0.0996622 0.437262 0.198198 0.874525
26 0.521678 0.419202 0.194257 0.838403
24 0.307432 0.421103 0.193694 0.842205
25 0.716216 0.445818 0.212838 0.891635
25 0.888795 0.425856 0.190878 0.840304
26 0.520552 0.420152 0.197635 0.840304
24 0.306588 0.423004 0.195383 0.838403
24 0.0990991 0.43346 0.198198 0.86692
25 0.716216 0.445818 0.212838 0.891635
25 0.888795 0.425856 0.190878 0.840304
26 0.520552 0.420152 0.197635 0.840304
24 0.306588 0.423004 0.195383 0.838403
24 0.0990991 0.43346 0.198198 0.86692
25 0.716216 0.445818 0.212838 0.891635
25 0.888795 0.425856 0.190878 0.840304
26 0.520552 0.420152 0.197635 0.840304
24 0.306588 0.423004 0.195383 0.838403
24 0.0990991 0.43346 0.198198 0.86692
25 0.716216 0.445818 0.212838 0.891635
25 0.888795 0.425856 0.190878 0.840304
26 0.520552 0.420152 0.197635 0.840304
24 0.306588 0.423004 0.195383 0.838403
24 0.0990991 0.43346 0.198198 0.86692
25 0.716216 0.445818 0.212838 0.891635
25 0.888795 0.425856 0.190878 0.840304
26 0.520552 0.420152 0.197635 0.840304
24 0.306588 0.423004 0.195383 0.838403
24 0.0990991 0.43346 0.198198 0.86692
25 0.716216 0.445818 0.212838 0.891635
25 0.888795 0.425856 0.190878 0.840304
26 0.520552 0.420152 0.197635 0.840304
24 0.306588 0.423004 0.195383 0.838403
24 0.0990991 0.43346 0.198198 0.86692
18 0.937782 0.126426 0.124437 0.252852
25 0.716216 0.445818 0.212838 0.891635
25 0.888795 0.425856 0.190878 0.840304
26 0.520552 0.420152 0.197635 0.840304
24 0.306588 0.423004 0.195383 0.838403
24 0.0990991 0.43346 0.198198 0.86692
18 0.937782 0.126426 0.124437 0.252852
25 0.716216 0.445818 0.212838 0.891635
25 0.888795 0.425856 0.190878 0.840304
26 0.520552 0.420152 0.197635 0.840304
24 0.306588 0.423004 0.195383 0.838403
24 0.0990991 0.43346 0.198198 0.86692
