8 0.896678 0.419231 0.168356 0.784615
8 0.717061 0.4375 0.194257 0.859615
26 0.520552 0.409615 0.197635 0.819231
24 0.307714 0.447115 0.205518 0.894231
24 0.106419 0.455769 0.201577 0.896154
18 0.937218 0.117308 0.125563 0.234615
25 0.721284 0.425962 0.201577 0.851923
25 0.888795 0.419231 0.188626 0.838462
26 0.52027 0.419231 0.198198 0.838462
24 0.0999437 0.433654 0.199887 0.867308
24 0.305743 0.429808 0.197072 0.851923
25 0.721284 0.425962 0.201577 0.851923
25 0.888795 0.419231 0.188626 0.838462
26 0.52027 0.419231 0.198198 0.838462
24 0.0999437 0.433654 0.199887 0.867308
24 0.305743 0.429808 0.197072 0.851923
18 0.937218 0.117308 0.125563 0.234615
25 0.721284 0.425962 0.201577 0.851923
25 0.888795 0.419231 0.188626 0.838462
26 0.52027 0.419231 0.198198 0.838462
24 0.0999437 0.433654 0.199887 0.867308
24 0.305743 0.429808 0.197072 0.851923
25 0.721284 0.425962 0.201577 0.851923
25 0.888795 0.419231 0.188626 0.838462
26 0.52027 0.419231 0.198198 0.838462
24 0.0999437 0.433654 0.199887 0.867308
24 0.305743 0.429808 0.197072 0.851923
25 0.721284 0.425962 0.201577 0.851923
25 0.888795 0.419231 0.188626 0.838462
26 0.52027 0.419231 0.198198 0.838462
24 0.0999437 0.433654 0.199887 0.867308
24 0.305743 0.429808 0.197072 0.851923
8 0.896678 0.419231 0.168356 0.784615
8 0.717061 0.4375 0.194257 0.859615
26 0.520552 0.409615 0.197635 0.819231
24 0.307714 0.447115 0.205518 0.894231
24 0.106419 0.455769 0.201577 0.896154
25 0.715653 0.456731 0.217342 0.913462
24 0.30518 0.433654 0.202703 0.863462
26 0.521678 0.430769 0.199887 0.861538
25 0.892736 0.425 0.184122 0.846154
24 0.101633 0.446154 0.198761 0.888462
25 0.719032 0.443269 0.208333 0.882692
25 0.894426 0.434615 0.189752 0.853846
26 0.521959 0.418269 0.198198 0.836538
24 0.0996622 0.431731 0.199324 0.863462
24 0.305743 0.422115 0.20045 0.844231
25 0.713682 0.448077 0.216779 0.896154
25 0.896115 0.424038 0.180743 0.848077
24 0.0996622 0.4375 0.198198 0.875
26 0.520552 0.416346 0.196509 0.832692
24 0.307432 0.419231 0.192568 0.838462
25 0.713682 0.448077 0.216779 0.896154
25 0.896115 0.424038 0.180743 0.848077
24 0.0996622 0.4375 0.198198 0.875
26 0.520552 0.416346 0.196509 0.832692
24 0.307432 0.419231 0.192568 0.838462
25 0.721284 0.425962 0.201577 0.851923
25 0.888795 0.419231 0.188626 0.838462
26 0.52027 0.419231 0.198198 0.838462
24 0.0999437 0.433654 0.199887 0.867308
24 0.305743 0.429808 0.197072 0.851923
25 0.721284 0.425962 0.201577 0.851923
25 0.888795 0.419231 0.188626 0.838462
26 0.52027 0.419231 0.198198 0.838462
24 0.0999437 0.433654 0.199887 0.867308
24 0.305743 0.429808 0.197072 0.851923
25 0.721284 0.425962 0.201577 0.851923
25 0.888795 0.419231 0.188626 0.838462
26 0.52027 0.419231 0.198198 0.838462
24 0.0999437 0.433654 0.199887 0.867308
24 0.305743 0.429808 0.197072 0.851923
25 0.721284 0.425962 0.201577 0.851923
25 0.888795 0.419231 0.188626 0.838462
26 0.52027 0.419231 0.198198 0.838462
24 0.0999437 0.433654 0.199887 0.867308
24 0.305743 0.429808 0.197072 0.851923
25 0.721284 0.425962 0.201577 0.851923
25 0.888795 0.419231 0.188626 0.838462
26 0.52027 0.419231 0.198198 0.838462
24 0.0999437 0.433654 0.199887 0.867308
24 0.305743 0.429808 0.197072 0.851923
25 0.721284 0.425962 0.201577 0.851923
25 0.888795 0.419231 0.188626 0.838462
26 0.52027 0.419231 0.198198 0.838462
24 0.0999437 0.433654 0.199887 0.867308
24 0.305743 0.429808 0.197072 0.851923
18 0.937218 0.117308 0.125563 0.234615
25 0.721284 0.425962 0.201577 0.851923
25 0.888795 0.419231 0.188626 0.838462
26 0.52027 0.419231 0.198198 0.838462
24 0.0999437 0.433654 0.199887 0.867308
24 0.305743 0.429808 0.197072 0.851923
18 0.937218 0.117308 0.125563 0.234615
25 0.721284 0.425962 0.201577 0.851923
25 0.888795 0.419231 0.188626 0.838462
26 0.52027 0.419231 0.198198 0.838462
24 0.0999437 0.433654 0.199887 0.867308
24 0.305743 0.429808 0.197072 0.851923
