11 0.203445 0.746009 0.198324 0.246948
19 0.452048 0.796244 0.215084 0.268545
1 0.396648 0.680751 0.193669 0.249765
7 0.529795 0.114085 0.126629 0.164319
14 0.756518 0.718779 0.136872 0.179343
19 0.767691 0.181221 0.123836 0.157746
25 0.842644 0.624413 0.141527 0.178404
5 0.0372439 0.130986 0.0744879 0.24507
14 0.217412 0.106573 0.133147 0.175587
8 0.5973 0.292958 0.213222 0.279812
1 0.716015 0.661972 0.195531 0.240376
14 0.256518 0.393427 0.136872 0.187793
10 0.98743 0.84507 0.0251397 0.144601
14 0.55959 0.871361 0.158287 0.212207
8 0.496276 0.210329 0.221601 0.315493
8 0.290037 0.286385 0.224395 0.294836
11 0.110335 0.679812 0.202048 0.244131
7 0.991155 0.48216 0.0176909 0.128638
19 0.331006 0.428638 0.0791434 0.109859
19 0.88175 0.194836 0.165736 0.207512
19 0.850093 0.448826 0.148976 0.202817
10 0.992551 0.0751174 0.0148976 0.11831
1 0.918063 0.258216 0.122905 0.153991
23 0.169926 0.228169 0.140596 0.191549
23 0.482775 0.239437 0.131285 0.170892
8 0.171788 0.210798 0.239292 0.331455
3 0.142924 0.369014 0.136872 0.176526
3 0.455773 0.377465 0.135009 0.17277
1 0.466946 0.693897 0.282123 0.353052
11 0.162477 0.69061 0.324953 0.38216
14 0.848231 0.860563 0.165736 0.216901
1 0.790503 0.69108 0.299814 0.362441
18 0.84311 0.13662 0.120112 0.168075
19 0.837523 0.196244 0.272812 0.319249
25 0.525605 0.224883 0.311918 0.430986
25 0.216015 0.228638 0.35568 0.457277
11 0.155959 0.668545 0.293296 0.373709
1 0.467877 0.673709 0.302607 0.384038
1 0.774209 0.671831 0.302607 0.385915
19 0.845438 0.181221 0.290503 0.362441
25 0.525605 0.224883 0.311918 0.430986
25 0.216015 0.228638 0.35568 0.457277
11 0.155959 0.668545 0.293296 0.373709
1 0.467877 0.673709 0.302607 0.384038
1 0.774209 0.671831 0.302607 0.385915
19 0.845438 0.181221 0.290503 0.362441
25 0.525605 0.224883 0.311918 0.430986
25 0.216015 0.228638 0.35568 0.457277
11 0.155959 0.668545 0.293296 0.373709
1 0.467877 0.673709 0.302607 0.384038
1 0.774209 0.671831 0.302607 0.385915
19 0.845438 0.181221 0.290503 0.362441
25 0.525605 0.224883 0.311918 0.430986
25 0.216015 0.228638 0.35568 0.457277
11 0.155959 0.668545 0.293296 0.373709
1 0.467877 0.673709 0.302607 0.384038
1 0.774209 0.671831 0.302607 0.385915
19 0.845438 0.181221 0.290503 0.362441
25 0.525605 0.224883 0.311918 0.430986
25 0.216015 0.228638 0.35568 0.457277
11 0.155959 0.668545 0.293296 0.373709
1 0.467877 0.673709 0.302607 0.384038
1 0.774209 0.671831 0.302607 0.385915
19 0.845438 0.181221 0.290503 0.362441
10 0.98743 0.84507 0.0251397 0.144601
7 0.144786 0.139906 0.207635 0.277934
8 0.290037 0.286385 0.224395 0.294836
7 0.991155 0.48216 0.0176909 0.128638
19 0.331006 0.428638 0.0791434 0.109859
19 0.850093 0.448826 0.148976 0.202817
10 0.992551 0.0751174 0.0148976 0.11831
23 0.482775 0.239437 0.131285 0.170892
3 0.142924 0.369014 0.136872 0.176526
3 0.455773 0.377465 0.135009 0.17277
1 0.466946 0.693897 0.282123 0.353052
11 0.162477 0.69061 0.324953 0.38216
1 0.790503 0.69108 0.299814 0.362441
19 0.837523 0.196244 0.272812 0.319249
19 0.98743 0.87277 0.0251397 0.207512
10 0.992551 0.0868545 0.0148976 0.151174
8 0.223929 0.253521 0.311918 0.4
8 0.518622 0.231925 0.331471 0.44507
1 0.773743 0.685915 0.296089 0.391549
1 0.461359 0.683568 0.310056 0.401878
11 0.161546 0.676526 0.304469 0.399061
19 0.8473 0.184507 0.281192 0.342723
26 0.0321229 0.218779 0.0623836 0.416901
25 0.21648 0.228638 0.343575 0.457277
25 0.521881 0.223474 0.319367 0.435681
11 0.157821 0.669953 0.28771 0.374648
1 0.467877 0.673239 0.298883 0.388732
1 0.776536 0.671362 0.288641 0.377465
19 0.844507 0.182629 0.27933 0.365258
8 0.230447 0.234272 0.356611 0.468545
11 0.154097 0.667136 0.28771 0.38216
25 0.520019 0.223005 0.323091 0.429108
1 0.466015 0.675587 0.306331 0.393427
19 0.845438 0.18216 0.283054 0.364319
1 0.77514 0.674178 0.304469 0.384977
8 0.230447 0.234272 0.356611 0.468545
11 0.154097 0.667136 0.28771 0.38216
25 0.520019 0.223005 0.323091 0.429108
1 0.466015 0.675587 0.306331 0.393427
19 0.845438 0.18216 0.283054 0.364319
1 0.77514 0.674178 0.304469 0.384977
25 0.525605 0.224883 0.311918 0.430986
25 0.216015 0.228638 0.35568 0.457277
11 0.155959 0.668545 0.293296 0.373709
1 0.467877 0.673709 0.302607 0.384038
1 0.774209 0.671831 0.302607 0.385915
19 0.845438 0.181221 0.290503 0.362441
25 0.525605 0.224883 0.311918 0.430986
25 0.216015 0.228638 0.35568 0.457277
11 0.155959 0.668545 0.293296 0.373709
1 0.467877 0.673709 0.302607 0.384038
1 0.774209 0.671831 0.302607 0.385915
19 0.845438 0.181221 0.290503 0.362441
25 0.525605 0.224883 0.311918 0.430986
25 0.216015 0.228638 0.35568 0.457277
11 0.155959 0.668545 0.293296 0.373709
1 0.467877 0.673709 0.302607 0.384038
1 0.774209 0.671831 0.302607 0.385915
19 0.845438 0.181221 0.290503 0.362441
25 0.525605 0.224883 0.311918 0.430986
25 0.216015 0.228638 0.35568 0.457277
11 0.155959 0.668545 0.293296 0.373709
1 0.467877 0.673709 0.302607 0.384038
1 0.774209 0.671831 0.302607 0.385915
19 0.845438 0.181221 0.290503 0.362441
25 0.525605 0.224883 0.311918 0.430986
25 0.216015 0.228638 0.35568 0.457277
11 0.155959 0.668545 0.293296 0.373709
1 0.467877 0.673709 0.302607 0.384038
1 0.774209 0.671831 0.302607 0.385915
19 0.845438 0.181221 0.290503 0.362441
25 0.525605 0.224883 0.311918 0.430986
25 0.216015 0.228638 0.35568 0.457277
11 0.155959 0.668545 0.293296 0.373709
1 0.467877 0.673709 0.302607 0.384038
1 0.774209 0.671831 0.302607 0.385915
19 0.845438 0.181221 0.290503 0.362441
25 0.525605 0.224883 0.311918 0.430986
25 0.216015 0.228638 0.35568 0.457277
11 0.155959 0.668545 0.293296 0.373709
1 0.467877 0.673709 0.302607 0.384038
1 0.774209 0.671831 0.302607 0.385915
19 0.845438 0.181221 0.290503 0.362441
25 0.525605 0.224883 0.311918 0.430986
25 0.216015 0.228638 0.35568 0.457277
11 0.155959 0.668545 0.293296 0.373709
1 0.467877 0.673709 0.302607 0.384038
1 0.774209 0.671831 0.302607 0.385915
19 0.845438 0.181221 0.290503 0.362441
